"S00026234"	"S00026235"	"S00026236"	"S00026237"	"S00026238"	"S00026239"	"S00026240"	"S00026241"	"S00026242"	"S00026243"	"S00026244"	"S00026245"	"S00026246"	"S00026247"	"S00026248"	"S00026249"	"S00026250"	"S00026251"	"S00026252"	"S00026253"	"S00026254"	"S00026255"	"S00026256"	"S00026257"	"S00026258"	"S00026259"	"S00026260"	"S00026261"	"S00026262"	"S00026263"	"S00026264"	"S00026265"	"S00026266"
"ME203427"	18682	13791	NA	25899	20670	19852	31523	22150	27951	27906	34527	36570	23309	23085	21240	25869	33883	11763	29742	31760	15793	23765	30657	22896	20049	NA	27963	21324	32041	26169	20295	30742	46129
"ME203426"	554107	550564	529722	556871	551915	562284	548151	588324	624345	538089	515220	626712	590136	564134	569671	550570	538058	377050	618760	547270	581527	608528	581897	590993	500612	586716	546124	546864	525118	476016	561846	518080	459943
"ME203428"	NA	NA	NA	NA	NA	1495	NA	NA	NA	NA	NA	NA	NA	NA	NA	NA	4190	NA	NA	NA	3044	NA	NA	NA	NA	NA	NA	NA	NA	NA	NA	NA	NA
"ME203429"	11324	9757	7173	NA	NA	NA	NA	NA	NA	NA	NA	NA	NA	NA	NA	5844	NA	NA	NA	NA	NA	NA	NA	NA	NA	NA	7822	NA	NA	NA	5214	NA	NA
"ME203430"	167312	288006	141576	191249	384384	346666	192268	198259	170785	129540	177288	128438	118602	114482	145416	86866	151278	88840	152234	177535	127813	193193	110042	125819	108308	153324	195781	154914	305085	489149	91684	208283	66733
"ME203440"	18244	34623	17266	23835	26756	52480	NA	40513	10921	NA	12874	14042	21523	32201	11047	NA	NA	NA	15041	NA	12194	10949	6299	8560	NA	10626	NA	5465	NA	NA	8350	NA	NA
"ME203441"	48841	NA	11827	9746	NA	6916	35352	39275	90896	87681	96362	79478	50726	68629	62429	40246	36521	3234	69380	57402	64193	96836	125171	74628	104148	51415	80659	57000	79967	84570	71140	61790	82831
"ME203431"	NA	NA	NA	NA	2087	NA	NA	NA	NA	NA	NA	NA	NA	NA	NA	NA	NA	NA	NA	NA	NA	NA	NA	NA	NA	NA	NA	NA	NA	NA	NA	NA	3672
"ME203434"	29331	NA	31037	20339	18264	NA	18031	15736	NA	74056	183610	122597	77558	NA	64076	81490	59295	61569	84675	30311	49648	15650	39822	52753	NA	11728	53260	35685	12667	11163	27616	51484	35999
"ME203432"	NA	NA	NA	NA	NA	3824	NA	NA	NA	NA	NA	NA	NA	NA	NA	NA	NA	NA	NA	NA	NA	NA	NA	NA	NA	NA	NA	NA	NA	NA	NA	NA	NA
"ME203433"	14062	28925	24454	30775	24122	35895	14516	19366	10827	17475	8178	14322	NA	NA	17573	NA	24773	NA	10749	NA	4581	6539	4328	4143	27854	12743	19453	16251	6019	NA	6751	17151	5643
"ME203435"	267037	648916	329715	NA	1745707	334412	326100	242476	1080798	NA	NA	NA	NA	NA	460153	NA	NA	NA	NA	NA	279929	631593	NA	NA	471675	943674	497305	NA	NA	256331	NA	NA	629008
"ME203436"	33073	23193	NA	35399	35322	NA	NA	20444	NA	NA	NA	NA	NA	NA	NA	25809	NA	NA	NA	30130	NA	15757	NA	NA	27581	NA	NA	NA	NA	2953	NA	NA	17575
"ME203437"	NA	NA	6403	NA	NA	NA	NA	NA	NA	NA	NA	NA	NA	NA	NA	NA	NA	NA	NA	NA	NA	NA	NA	NA	NA	NA	NA	NA	NA	NA	NA	NA	NA
"ME203438"	4503	9684	NA	NA	NA	NA	41507	NA	NA	NA	NA	7894	NA	NA	NA	NA	9534	NA	NA	NA	NA	NA	27997	NA	NA	NA	NA	NA	NA	NA	NA	NA	3935
"ME203439"	NA	NA	NA	NA	NA	NA	NA	NA	NA	NA	34020	NA	NA	NA	NA	NA	21896	NA	NA	NA	NA	NA	NA	NA	NA	NA	NA	NA	172274	208563	NA	NA	NA
"ME203442"	NA	14131	22010	12823	16974	35282	16320	NA	NA	NA	4719	6439	NA	NA	NA	NA	NA	NA	1704	NA	NA	NA	NA	6529	NA	5488	NA	NA	NA	NA	NA	NA	6556
"ME203443"	463378	743897	NA	771614	202090	NA	783607	572953	265116	287063	469153	NA	160898	187302	236968	237211	NA	NA	335795	183703	209802	NA	130868	NA	511670	537419	289806	206721	144432	185188	334713	112406	NA
"ME203444"	NA	NA	NA	NA	NA	NA	NA	18046	NA	NA	NA	NA	NA	NA	14240	1443	NA	NA	NA	NA	NA	NA	NA	2346	NA	NA	NA	NA	NA	NA	NA	NA	NA
"ME203445"	72561	82259	78336	178457	86529	114373	72731	151976	283587	179116	353580	425553	246100	186596	165926	112976	478863	NA	134481	NA	113680	373255	120505	322931	488678	1254021	220643	NA	143552	206694	156883	52572	711946
"ME203446"	NA	NA	NA	NA	27795	NA	NA	NA	NA	NA	NA	NA	NA	NA	NA	NA	NA	NA	NA	NA	NA	NA	NA	NA	NA	NA	NA	NA	NA	NA	NA	NA	NA
"ME203447"	NA	NA	NA	NA	NA	NA	NA	NA	NA	NA	NA	NA	5848	NA	NA	NA	NA	NA	NA	NA	NA	NA	NA	20426	4657	NA	NA	NA	NA	NA	NA	NA	NA
"ME203448"	NA	NA	NA	NA	6074	NA	NA	NA	NA	NA	NA	NA	NA	NA	NA	NA	NA	NA	NA	NA	NA	NA	NA	NA	NA	NA	NA	NA	NA	NA	NA	NA	NA
"ME203449"	NA	NA	NA	NA	NA	NA	NA	NA	7866	NA	3819	4386	NA	NA	NA	NA	NA	NA	NA	NA	4483	NA	NA	NA	NA	NA	NA	NA	1554	NA	NA	NA	NA
"ME203450"	NA	NA	NA	NA	3998	11819	NA	NA	25479	NA	NA	NA	2683	NA	1667	NA	9543	NA	11396	NA	NA	17550	2851	NA	NA	NA	NA	3509	NA	NA	1312	NA	NA
"ME203451"	2532127	3689927	3107152	3716097	4023981	3235171	4041580	3286264	1435600	1992615	2407872	2362051	1367711	896223	1927726	869256	2197232	NA	1769134	2630435	1814814	1786892	1347770	2060631	2681093	2685457	1887978	1785662	996082	1221623	1714938	2190424	1931015
"ME203452"	NA	NA	NA	NA	NA	NA	NA	NA	NA	NA	NA	NA	NA	NA	NA	NA	NA	NA	NA	NA	NA	NA	NA	NA	NA	NA	NA	NA	5576	NA	NA	NA	NA
"ME203453"	NA	13077	14448	18494	NA	NA	NA	NA	NA	NA	NA	7940	NA	NA	NA	NA	8444	NA	NA	1375	NA	5521	NA	NA	NA	NA	NA	NA	NA	NA	NA	NA	NA
"ME203454"	44604	67070	1119812	41080	44041	1846332	50754	1293973	35260	45756	35056	42508	39713	43322	42508	143788	30157	12078	919559	46575	45919	43733	30157	41921	760390	32432	44604	33987	28630	27610	117166	33413	27282
"ME203455"	NA	NA	NA	NA	NA	NA	NA	NA	NA	NA	NA	NA	NA	NA	8349	NA	NA	NA	NA	3073	NA	NA	NA	2500	NA	NA	NA	NA	NA	NA	NA	NA	NA
"ME203456"	NA	NA	NA	NA	NA	NA	NA	NA	NA	NA	9947	8686	NA	5532	25765	NA	NA	NA	23121	67635	14662	NA	22306	8884	NA	8035	9458	NA	NA	10045	14219	NA	NA
"ME203457"	22842	6434	9054	14431	31522	NA	17422	15144	22260	16544	23996	31207	NA	12422	10853	11445	34115	NA	13112	12395	NA	NA	6349	35937	35436	NA	NA	12699	7669	9782	4525	17375	NA
"ME203458"	NA	NA	NA	NA	NA	NA	24140	NA	NA	NA	NA	NA	NA	NA	NA	NA	NA	NA	NA	NA	NA	NA	NA	NA	NA	NA	NA	NA	NA	NA	NA	NA	NA
"ME203459"	3324282	4416485	3459511	4854598	4739594	3142288	5095925	3739344	1788272	3029342	3572659	3375463	1549340	1462049	4284804	1088307	2993037	55803	2884284	3017032	3005202	2577814	1888955	3017827	4327473	4684093	2748659	2663105	1155485	1429801	2614754	2845456	3397087
"ME203460"	NA	NA	NA	NA	NA	NA	4493	18465	NA	NA	NA	NA	NA	NA	NA	NA	1508	NA	NA	3820	NA	NA	NA	16580	NA	NA	NA	NA	NA	NA	NA	1291	NA
"ME203461"	NA	NA	NA	NA	37918	NA	NA	NA	NA	NA	NA	NA	NA	NA	NA	7136	23320	NA	NA	NA	NA	NA	NA	NA	NA	NA	NA	9150	NA	NA	6063	6105	NA
"ME203463"	4473	13425	3223	12021	4436	NA	18130	15766	36918	37495	11279	34417	30558	22387	29192	NA	20201	NA	24891	NA	42084	14924	35648	41161	4328	10158	22462	28510	35338	16941	36898	18581	18625
"ME203464"	56738	115464	72743	115236	95534	140625	102165	74347	35517	49362	84736	94471	28268	20480	42655	25237	43685	NA	53154	56289	38663	46284	42803	66721	121153	59240	29798	58763	21326	25484	83981	41989	56747
"ME203465"	22968	NA	17342	27025	22571	NA	NA	19102	20471	32648	22270	NA	17359	13234	17161	17169	28061	NA	13033	60985	13247	24944	16386	20916	45650	20756	44680	24107	NA	NA	NA	18891	63249
"ME203462"	3439	1383	2431	4058	3857	3452	NA	2156	4847	NA	6092	5039	NA	NA	2778	NA	6424	NA	2698	4427	3048	7506	NA	3949	4074	NA	3215	7135	5314	6025	4577	10106	17894
"ME203466"	446715	NA	441652	544363	787619	NA	413684	697558	545682	406389	473904	470461	776709	348843	468425	471669	1009773	116180	731924	643676	381176	488289	617847	751967	1332496	465446	616165	547772	408898	337386	416302	807218	573412
"ME203467"	NA	NA	49902	NA	NA	3505	3895	3091	5208	NA	4889	NA	NA	NA	NA	NA	NA	NA	NA	NA	NA	34005	36673	NA	NA	NA	NA	NA	NA	NA	NA	3137	20131
"ME203468"	NA	NA	NA	1416	NA	NA	NA	NA	1131	NA	NA	NA	NA	NA	NA	NA	NA	NA	NA	NA	NA	NA	NA	NA	NA	NA	NA	NA	NA	NA	NA	NA	NA
"ME203469"	224304	161875	175358	190685	132280	249758	288595	469002	723709	346946	348455	441408	694983	427882	849183	912559	623799	66878	933421	1707253	2315277	2247282	388011	1247477	2176676	2183143	1757252	1526899	1017839	1122325	552311	446198	2008589
"ME203470"	NA	NA	NA	NA	NA	NA	NA	NA	NA	NA	NA	NA	NA	NA	NA	NA	NA	NA	NA	NA	NA	NA	1291	NA	NA	NA	NA	NA	NA	NA	NA	NA	1592
"ME203471"	NA	NA	NA	NA	13380	NA	NA	13951	29519	NA	123116	54896	169124	19786	145901	39302	63894	43049	125103	33836	NA	NA	240050	58697	NA	NA	NA	37938	NA	NA	35520	NA	43222
"ME203472"	NA	NA	NA	11209	6167	NA	NA	8831	NA	NA	NA	NA	NA	NA	4352	NA	6056	NA	3519	NA	3955	5862	4249	6209	6200	5043	9106	NA	NA	NA	NA	NA	NA
"ME203473"	NA	NA	NA	NA	NA	NA	NA	NA	NA	NA	NA	NA	NA	NA	NA	7434	NA	NA	NA	NA	NA	NA	NA	NA	NA	NA	NA	NA	NA	NA	NA	NA	NA
"ME203474"	NA	335099	486880	462500	395607	683808	331386	325886	298965	NA	297792	234437	100864	NA	273753	212266	374730	7442	181407	534907	377679	612706	NA	157642	332030	364492	284554	429715	151258	NA	NA	150011	88965
"ME203475"	126241	88810	88668	224007	169845	45507	219550	153795	45784	106358	229074	25226	22484	78996	88773	119736	128268	53506	57142	75237	92133	64205	53419	71084	87334	105825	130960	91384	55093	57974	77843	212635	31678
"ME203476"	3653759	4597777	1905368	2494889	3133718	2571500	2345639	1419994	1137841	809587	1513377	806074	751915	814682	1088140	1860906	1323040	139451	1036398	1407524	795632	1123668	798204	1271148	1872128	816154	1663392	1073368	1218981	1408065	876494	2670617	405371
"ME203477"	NA	NA	NA	NA	NA	NA	NA	NA	NA	NA	NA	NA	NA	NA	NA	NA	NA	3886	NA	NA	NA	NA	NA	NA	NA	NA	NA	NA	NA	NA	NA	NA	NA
"ME203478"	13064	18538	NA	NA	NA	NA	NA	8224	NA	NA	NA	NA	NA	NA	NA	NA	13426	NA	NA	NA	NA	NA	NA	NA	12022	NA	NA	NA	NA	NA	NA	NA	NA
"ME203479"	91416	187148	104514	348331	327822	27069	502280	348845	36623	312516	608796	17641	16629	146943	44951	85105	163634	48730	27721	125971	227668	70207	23979	34121	154722	162097	187976	122270	47860	60289	144681	646619	54097
"ME203480"	NA	NA	NA	NA	NA	NA	NA	4103	NA	NA	NA	NA	NA	NA	NA	NA	NA	NA	NA	NA	NA	NA	NA	NA	NA	NA	NA	NA	NA	NA	NA	NA	NA
"ME203481"	16563	9887	15929	44424	45672	13750	32931	14935	26490	66540	40138	7560	NA	NA	20511	10572	28167	8060	11053	49685	NA	29481	13916	18015	79377	15850	31799	28516	19990	25292	35384	25917	135669
"ME203482"	NA	NA	NA	NA	3586	NA	NA	NA	NA	NA	NA	NA	NA	NA	NA	NA	NA	NA	NA	NA	NA	NA	NA	NA	NA	NA	NA	NA	NA	NA	NA	NA	NA
"ME203483"	NA	4518	NA	NA	2249	NA	NA	5121	NA	6612	7295	NA	NA	NA	NA	NA	NA	NA	NA	NA	NA	NA	NA	2314	NA	NA	NA	NA	9875	NA	NA	NA	4348
"ME203484"	NA	NA	9805	8654	NA	NA	NA	NA	NA	NA	NA	NA	NA	NA	NA	NA	NA	2652	NA	NA	NA	NA	NA	NA	NA	NA	NA	NA	NA	NA	NA	NA	NA
"ME203485"	6045	3885	6841	NA	NA	NA	NA	NA	NA	4993	NA	NA	NA	3053	3997	NA	NA	NA	NA	10713	NA	4159	4418	4135	NA	7118	3270	6223	NA	NA	NA	NA	NA
"ME203486"	376027	356459	248679	419981	496296	110967	459255	209985	140543	87893	368359	90668	41236	115026	162929	195281	306644	41477	108802	113521	98683	103856	275616	262070	151114	195172	219846	219080	99009	115626	94338	375249	120762
"ME203487"	NA	NA	17676	NA	NA	54168	22381	NA	NA	NA	NA	NA	NA	NA	NA	NA	NA	NA	NA	6411	NA	NA	NA	NA	NA	NA	NA	NA	NA	NA	NA	NA	17980
"ME203488"	NA	NA	NA	NA	NA	NA	NA	NA	16917	92771	NA	NA	NA	NA	NA	NA	NA	NA	NA	76977	NA	22449	24242	NA	153433	NA	55893	NA	46347	47150	41855	5315	218397
"ME203489"	4208384	2836210	4483788	5065725	5850009	9388495	4852057	4883214	268974	92517	1000649	280333	700945	84563	319183	571520	748810	82208	459484	1091900	204925	1310598	170070	246364	104330	570071	359465	566504	80703	185322	6354	621776	350074
"ME203490"	NA	NA	NA	NA	NA	NA	NA	NA	22462	25782	71146	17900	33947	7878	29676	31592	25066	22326	10644	NA	NA	NA	101425	12544	NA	NA	68899	12362	25735	10178	27313	NA	15466
"ME203491"	NA	NA	NA	NA	NA	16996	NA	NA	NA	NA	NA	NA	NA	NA	NA	NA	NA	NA	NA	NA	NA	NA	NA	NA	NA	NA	NA	NA	NA	NA	NA	NA	NA
"ME203492"	NA	NA	NA	NA	NA	NA	NA	NA	NA	NA	31288	4950	46380	NA	36323	NA	17852	16270	NA	NA	NA	NA	NA	NA	NA	NA	NA	18395	33555	17951	NA	NA	7597
"ME203493"	NA	NA	NA	NA	NA	NA	NA	NA	NA	NA	NA	NA	1846	NA	NA	NA	NA	NA	NA	NA	2040	NA	NA	NA	NA	NA	NA	NA	NA	NA	NA	NA	NA
"ME203494"	2038	NA	NA	2903	NA	NA	NA	NA	NA	NA	NA	NA	NA	NA	NA	NA	NA	NA	NA	NA	3622	NA	NA	NA	NA	NA	NA	NA	NA	NA	NA	NA	NA
"ME203495"	NA	5508	NA	NA	2781	NA	NA	NA	NA	NA	NA	NA	NA	NA	NA	NA	NA	NA	NA	NA	NA	NA	NA	NA	NA	NA	NA	NA	NA	NA	NA	NA	NA
"ME203500"	NA	NA	NA	NA	NA	NA	NA	NA	NA	NA	NA	NA	NA	NA	NA	NA	NA	NA	NA	NA	NA	NA	NA	NA	4185	NA	NA	NA	NA	NA	NA	NA	NA
"ME203501"	NA	NA	NA	NA	NA	NA	NA	NA	NA	NA	NA	NA	NA	NA	NA	NA	NA	NA	NA	NA	NA	NA	NA	NA	NA	NA	NA	NA	NA	2463	NA	NA	2262
"ME203502"	NA	NA	NA	NA	NA	NA	NA	NA	1099	NA	NA	NA	NA	NA	NA	NA	NA	NA	NA	NA	NA	NA	3526	NA	5649	NA	NA	NA	NA	NA	NA	NA	NA
"ME203503"	23141	7515	6869	3865	9422	NA	NA	24984	NA	NA	NA	2474	2609	2573	NA	NA	NA	NA	NA	50903	NA	NA	5255	2392	NA	8573	NA	2566	NA	NA	NA	NA	NA
"ME203504"	94119	58419	46099	40133	60876	15783	17238	88476	9587	17061	4038	30238	30559	31529	5155	9499	NA	NA	9261	139319	9247	17014	42559	30063	17109	57712	14282	31644	19877	21917	5362	24861	NA
"ME203505"	401360	227055	219707	152131	261072	43554	22697	434808	39022	69207	11359	153696	134544	142425	20008	13570	NA	15794	19206	652636	34640	55095	184564	101759	31340	259461	62027	136075	76488	86178	NA	106751	19478
"ME203506"	129062	282336	223135	322364	488552	257091	283969	195342	118005	184462	211008	120401	203845	89517	212118	64908	231285	NA	147726	211347	168247	153391	114450	237006	236407	204514	173104	208768	100150	122403	245306	309242	133117
"ME203507"	28003	38467	37123	34813	36632	34430	19606	26302	18508	18851	22792	18043	25042	10128	15690	11992	31514	NA	16052	NA	6944	18619	12567	NA	NA	28572	NA	NA	14773	18507	20433	26127	NA
"ME203508"	NA	NA	NA	2481	NA	NA	NA	NA	NA	NA	NA	NA	NA	NA	NA	NA	NA	NA	NA	NA	NA	NA	NA	NA	NA	NA	NA	NA	NA	NA	NA	NA	NA
"ME203509"	2216	NA	NA	NA	NA	NA	NA	NA	NA	NA	NA	NA	NA	NA	NA	NA	NA	NA	NA	NA	NA	NA	NA	NA	NA	NA	NA	NA	NA	NA	NA	NA	NA
"ME203497"	NA	NA	NA	NA	NA	NA	NA	NA	NA	NA	NA	NA	NA	NA	NA	NA	NA	NA	NA	NA	NA	15172	NA	NA	NA	NA	NA	NA	NA	NA	NA	NA	NA
"ME203496"	35824	50107	34022	39178	43868	39860	29998	29545	34701	NA	35565	37456	29277	27055	20030	29324	28918	36912	19582	NA	20273	NA	10734	12728	NA	24456	NA	12680	NA	NA	NA	17008	NA
"ME203498"	NA	NA	NA	1368	1328	NA	1875	NA	NA	1716	NA	NA	NA	NA	NA	NA	NA	NA	NA	NA	NA	3984	NA	NA	NA	NA	NA	NA	NA	NA	NA	NA	NA
"ME203510"	NA	NA	NA	NA	NA	NA	NA	1422	NA	NA	NA	NA	NA	NA	NA	NA	NA	NA	NA	NA	NA	NA	NA	NA	NA	NA	NA	NA	NA	NA	NA	NA	NA
"ME203499"	12200000	11300000	1.1e+07	6042451	4493453	7838030	4017418	5897168	6130370	5236926	4041713	5987693	2762615	623053	5099777	4007885	7649277	392939	5761372	3442443	1367360	5037999	1620448	2186916	3945928	2639957	3606845	4874946	4411333	4244728	1195922	3701634	3916813
"ME203511"	1457002	995738	511656	559362	1177869	581427	1009985	310463	283951	181787	436409	165449	166919	137118	253603	669915	310116	34459	215946	326767	150220	558096	543635	357357	198459	241230	642332	529053	154359	178745	191397	616530	43135
"ME203512"	NA	NA	NA	NA	NA	NA	NA	NA	41446	2672	9632	26379	33117	16805	37022	22916	13941	52887	44546	7886	19892	15790	45981	4259	NA	NA	29176	17445	9158	6483	5282	NA	3483
"ME203513"	942600	868544	914031	868939	895135	946321	952276	672105	802806	870797	851377	875856	444739	469633	934393	895835	819431	926666	921647	855846	897051	890506	931980	872603	874640	876473	885377	906242	895781	866967	909362	858668	864883
"ME203514"	24478	22284	20985	45075	70476	7070	51362	25189	22779	24976	52455	10321	7574	14254	21394	70158	48399	7812	17239	27577	19631	19560	23909	29506	21491	31150	28816	30399	20538	20267	13676	70419	11054
"ME203515"	23540	13880	10112	25845	81062	18661	30818	22197	NA	75166	16823	93508	62494	42165	52712	29605	68278	NA	20329	95570	NA	71818	NA	NA	85999	33965	49208	NA	NA	NA	NA	12109	88449
"ME203516"	NA	NA	NA	4237	NA	NA	NA	NA	NA	NA	NA	NA	NA	2127	NA	NA	NA	NA	NA	NA	NA	NA	NA	NA	NA	NA	NA	NA	NA	NA	NA	2894	NA
"ME203517"	31218	34458	39798	29249	44292	30598	24401	24136	NA	NA	NA	NA	NA	NA	NA	NA	6362	NA	NA	3899	NA	NA	NA	NA	NA	NA	NA	6390	NA	NA	NA	17979	NA
"ME203518"	28642	76210	60109	71563	60044	55882	46000	61000	43969	75550	64724	131583	52892	45325	52391	27298	33382	NA	73355	45539	50093	51683	42921	55871	133109	103714	41831	77207	28608	30343	115810	17080	93973
"ME203519"	NA	NA	3827	NA	5223	NA	NA	NA	NA	NA	NA	NA	NA	NA	NA	NA	NA	NA	NA	NA	NA	NA	NA	NA	NA	NA	NA	NA	NA	NA	NA	NA	NA
"ME203520"	18501	17661	11039	17327	21281	NA	15297	10974	11243	NA	14160	8674	6525	9018	13078	NA	16175	NA	NA	NA	9335	NA	13103	15291	NA	11828	NA	13955	NA	NA	NA	NA	NA
"ME203521"	41413	39183	12056	11231	8215	13567	54975	16584	16162	12006	11111	10486	14313	14308	28921	12893	10212	46936	13092	11297	12663	16921	42557	11158	17519	10620	8186	11177	29520	27713	15570	54240	17050
"ME203522"	NA	2397	NA	NA	NA	4547	NA	1690	NA	2862	7787	12905	17485	NA	NA	NA	16099	NA	NA	1889	NA	NA	90624	17992	1744	11740	NA	NA	NA	NA	3919	10656	NA
"ME203523"	224342	201630	868865	248675	173526	1715492	48956	701654	390265	3401100	1518439	NA	6465399	2078622	4239469	3455245	1891535	3874911	41729	1687415	3278215	108921	9941454	33164	85237	25629	9427272	135610	NA	1423226	2071067	1882769	1629167
"ME203524"	NA	3013	NA	NA	NA	3462	NA	NA	NA	NA	NA	NA	NA	NA	NA	NA	NA	7893	NA	2581	1774	NA	12430	NA	NA	NA	10558	NA	4065	NA	NA	NA	9056
"ME203525"	NA	NA	NA	NA	NA	NA	NA	NA	NA	NA	NA	NA	NA	NA	NA	NA	NA	NA	NA	NA	NA	NA	66603	NA	NA	NA	NA	NA	NA	NA	NA	NA	NA
"ME203526"	31416	24868	46715	24481	31842	18756	18514	10309	77622	29792	NA	49816	17273	19198	9675	13935	39592	NA	24347	39852	25005	26919	192303	18091	37772	20669	NA	22584	NA	24079	37201	14581	NA
"ME203527"	7274	17698	15612	16109	13315	21060	12489	35011	20346	30135	41880	45172	22524	23181	55460	22473	41281	NA	40388	51777	39354	53368	10840	64009	42216	201100	88193	32630	46010	63126	95635	12701	70677
"ME203528"	53860	79503	49253	78617	83269	79748	65327	25284	5682	1647	7034	2764	9034	NA	NA	NA	19494	13825	NA	8401	3792	7429	5484	11769	21973	9589	1326	12440	NA	NA	NA	56606	56612
"ME203529"	NA	23124	28945	19282	14523	NA	NA	27127	NA	45039	55606	24340	18583	NA	28486	NA	30985	NA	NA	NA	NA	NA	NA	25563	NA	27279	18602	33166	NA	NA	26348	NA	NA
"ME203530"	342245	203244	395794	364147	377389	938027	367683	282526	157036	21693	65250	NA	18356	NA	126112	124453	64849	NA	131008	349467	167609	62667	NA	51242	7242	79419	143584	128855	19762	32748	16258	296414	93274
"ME203531"	NA	NA	NA	NA	NA	NA	NA	NA	NA	NA	NA	NA	NA	NA	NA	NA	NA	NA	NA	2821	NA	NA	NA	2913	NA	NA	NA	NA	NA	NA	NA	NA	3430
"ME203532"	NA	NA	NA	NA	NA	NA	NA	NA	NA	NA	NA	NA	NA	NA	NA	NA	NA	NA	NA	NA	NA	NA	NA	NA	NA	NA	3056	NA	NA	NA	NA	NA	NA
"ME203533"	NA	4470	NA	NA	2900	NA	NA	NA	NA	NA	NA	NA	NA	NA	NA	NA	NA	NA	NA	NA	NA	NA	NA	NA	NA	NA	NA	NA	NA	NA	NA	NA	NA
"ME203534"	NA	NA	NA	NA	NA	NA	NA	NA	NA	NA	NA	NA	NA	NA	NA	NA	NA	NA	NA	NA	NA	NA	NA	2219	2237	NA	NA	NA	NA	NA	NA	3672	NA
"ME203537"	3167	NA	3170	NA	NA	2653	NA	2064	NA	NA	NA	NA	1145	NA	NA	NA	NA	NA	NA	NA	NA	NA	1149	NA	NA	NA	NA	NA	NA	NA	NA	NA	NA
"ME203535"	51436	31986	37390	35635	10806	36235	NA	28649	21712	NA	28746	25882	11207	5727	33951	11126	38580	NA	24829	27873	12037	17657	17380	16315	36427	7463	26142	45649	34665	41454	14305	56413	24435
"ME203536"	NA	NA	NA	98357	NA	NA	92013	NA	82720	73486	80257	NA	NA	NA	NA	47184	NA	6551	NA	NA	NA	59874	NA	NA	NA	NA	85797	NA	115152	125862	NA	NA	NA
"ME203538"	173307	42188	29758	97105	134640	31165	131438	87991	104883	62074	170277	83815	74581	93852	147864	171497	112833	61971	90492	65301	89456	82793	125656	139910	27872	102819	114297	97895	74168	79841	54740	117464	46317
"ME203539"	4141067	10800000	8456570	5574433	6493484	17300000	5215884	6853633	1077084	1010744	735233	1703285	543943	639032	617138	2748393	1356270	NA	533049	1351881	340626	1568749	307850	3391085	1882805	925023	871104	745784	271328	428133	738325	743204	2350383
"ME203540"	NA	4763	1374	3337	2668	6733	NA	NA	NA	NA	NA	NA	NA	NA	NA	NA	NA	NA	NA	NA	NA	NA	NA	NA	NA	NA	NA	NA	NA	NA	NA	NA	NA
"ME203541"	NA	NA	NA	NA	NA	NA	NA	NA	NA	NA	NA	NA	NA	NA	NA	NA	NA	NA	NA	NA	NA	NA	NA	NA	NA	28122	NA	NA	NA	NA	NA	NA	NA
"ME203542"	9598	9957	7939	7841	4644	7555	9850	4254	4294	4669	4707	5285	NA	NA	6288	5479	6224	6137	5319	5944	5091	5901	5498	5883	6854	5503	5677	5618	5491	5242	5636	5230	6667
"ME203543"	22122	13713	32861	26737	20796	19365	NA	26186	NA	NA	NA	NA	NA	NA	15364	NA	32906	NA	NA	NA	9613	NA	NA	21332	24320	NA	8423	NA	NA	8801	NA	NA	7927
"ME203544"	249799	180468	26778	408915	184079	281864	105417	344852	448229	184592	358029	418448	400319	1697247	420926	72883	205866	339301	342940	1649843	167034	319924	266776	473861	331700	610282	253681	179790	222424	404535	213006	150952	633721
"ME203545"	227993	156351	53789	248086	70580	34778	361306	68236	476647	110038	590621	380831	630634	177032	268004	53712	823498	161929	745893	391617	71328	201215	560732	219052	479409	382983	524452	286769	531651	599048	23259	1056491	325372
"ME203546"	NA	NA	NA	NA	NA	NA	NA	3785	NA	NA	NA	7674	NA	NA	NA	NA	3848	NA	NA	NA	NA	NA	NA	NA	NA	NA	NA	NA	NA	NA	NA	NA	NA
"ME203549"	255166	NA	266665	227919	347924	490569	219570	212633	NA	6499	19257	NA	14995	NA	15345	18749	25414	NA	9128	35119	15077	32447	NA	16574	12900	22214	8435	21310	2935	4339	NA	3013	NA
"ME203550"	5865	NA	3072	2179	NA	NA	NA	NA	NA	NA	NA	NA	NA	NA	2231	NA	NA	NA	NA	NA	NA	NA	26542	NA	NA	NA	NA	NA	NA	NA	NA	NA	2006
"ME203547"	1654845	350363	624928	714238	683131	509369	232479	477019	343860	190289	291321	435307	155295	74855	233356	266219	1005470	83541	839116	196547	98558	238578	270571	109358	144935	2006856	278803	2124336	866564	484973	195181	871124	620830
"ME203548"	13600000	13400000	13200000	7713220	7372093	9019340	3099645	5206846	6808084	5692849	5745481	6701052	2921648	718386	5652941	4463438	9825092	395324	6863018	3678260	1402130	5382710	1695403	2276390	4300193	4451859	4083760	6453463	6128804	7918420	1235374	4284070	4401503
"ME203551"	1649469	701693	671397	1660693	1180004	2881535	4873828	1437960	263419	206784	550500	257780	409694	54823	348176	495735	447962	36562	272237	867492	257046	856191	108879	383893	154533	566419	246583	561891	60297	141183	49548	89008	48898
"ME203552"	246522	397951	487345	607807	433201	444350	615148	555754	553103	224069	NA	639369	NA	428797	631479	351881	759749	40072	258622	NA	685769	714165	241931	353541	791342	725776	847802	323034	311349	299148	614168	456780	349944
"ME203553"	62462	70659	34905	47597	26737	NA	49747	19006	38664	30608	24544	22277	NA	NA	5917	NA	95617	NA	24887	27658	NA	29940	NA	17322	58030	27769	120761	39554	402358	611379	NA	91482	NA
"ME203554"	NA	NA	14668	NA	6483	6866	NA	NA	NA	NA	NA	NA	3802	NA	3544	NA	5772	NA	2833	NA	2447	7026	NA	NA	NA	NA	NA	6778	NA	NA	5097	NA	NA
"ME203555"	112217	114003	106425	103316	99816	146000	158071	97621	100683	NA	78994	73866	60332	NA	NA	178485	52335	NA	125136	86055	70386	185313	35646	98060	113301	91132	40146	115411	58640	69353	107865	46300	75275
"ME203562"	156632	133741	150088	152848	154794	138989	168556	108139	141666	165588	156097	163302	71821	74042	164737	150759	142728	110441	149274	150907	149968	157151	158285	134251	145907	141686	157201	160718	161549	158783	159489	144369	145387
"ME203563"	NA	NA	6070	NA	NA	NA	NA	NA	28787	NA	NA	NA	16007	NA	NA	9725	NA	NA	NA	4463	NA	NA	NA	NA	NA	6583	9345	NA	4390	3830	NA	NA	NA
"ME203556"	1984	NA	NA	NA	NA	NA	2092	NA	NA	NA	NA	NA	2876	NA	NA	NA	NA	NA	1370	NA	NA	1666	NA	NA	NA	NA	1249	3054	NA	NA	NA	NA	2111
"ME203564"	238765	424164	267986	400612	739281	236123	462481	424051	96283	398915	376541	308378	39334	185501	496217	115732	453323	28764	475296	44671	578343	1243660	373828	574491	24502	67677	114995	343268	80950	102937	74177	125437	58740
"ME203557"	NA	NA	NA	NA	NA	NA	NA	NA	NA	NA	NA	5957	NA	NA	NA	NA	NA	4681	4455	NA	NA	NA	NA	NA	NA	NA	NA	NA	NA	NA	NA	NA	NA
"ME203565"	24218	55518	39562	74176	114265	14228	33874	69991	55580	54610	40725	10963	22945	27315	69191	44285	192862	5873	42135	11260	19222	43887	56513	142983	1172271	39321	210895	37219	258793	312072	7676	88669	80252
"ME203558"	NA	NA	NA	NA	NA	NA	NA	NA	NA	NA	NA	NA	NA	NA	NA	NA	NA	NA	NA	NA	NA	14399	NA	NA	NA	NA	NA	NA	NA	NA	NA	NA	7334
"ME203559"	18511	15577	23637	20615	19030	17215	22130	19538	28873	20739	15686	22699	22810	13533	13482	13650	26858	3314	18682	26113	14243	20255	38800	18201	23263	20322	20351	21746	14555	15125	20988	16485	28219
"ME203566"	58696	89876	68385	249962	180664	18002	376945	221129	28534	278941	491861	19116	18673	127072	36297	67015	117838	26618	21988	120295	254279	68210	26229	32126	166219	140339	136333	126224	64050	72211	127799	606410	75443
"ME203567"	19400000	19700000	10600000	6393555	11200000	5657026	14800000	4838023	3113132	3698615	7086108	2175028	1674235	2498863	3652503	18800000	5721758	1949717	2769554	6395304	3046956	5892059	5134821	7202740	5952716	4348480	13100000	5278905	7203102	7838891	4357919	9796137	2979169
"ME203560"	NA	NA	NA	NA	NA	NA	NA	NA	NA	NA	NA	NA	NA	NA	NA	NA	NA	NA	NA	NA	NA	NA	NA	NA	NA	NA	26539	NA	NA	NA	NA	NA	NA
"ME203561"	977332	852036	957124	848859	822376	854043	992252	716189	825786	902637	916476	950803	420396	474740	922329	944511	825089	1067588	881168	716370	772964	798927	948131	846788	698312	765334	777024	848825	853240	838559	945587	841034	706310
"ME203568"	2469	1560	2418	5810	4125	4816	3057	4489	NA	NA	NA	NA	3180	NA	NA	NA	NA	NA	1806	2662	NA	3294	NA	2553	NA	NA	NA	NA	NA	NA	NA	2212	3197
"ME203570"	76634	64525	NA	NA	171233	173867	119975	151069	84995	11984	134564	194812	68305	47201	90960	43581	44083	NA	108924	105267	92322	111797	58805	108162	18014	163244	62206	156818	44036	67436	37517	51183	75006
"ME203572"	221909	50636	408721	401682	405728	NA	422320	383992	NA	171310	39895	309395	NA	NA	NA	NA	NA	NA	NA	283961	NA	249598	NA	NA	436815	61824	NA	490442	NA	NA	NA	84508	9648
"ME203571"	79871	64545	145843	137775	152930	173311	118129	149479	NA	NA	136213	192706	NA	NA	90493	NA	43680	NA	12527	11375	NA	110861	NA	74859	38673	169226	NA	150014	NA	NA	NA	14869	27301
"ME203573"	NA	NA	NA	NA	NA	NA	NA	NA	NA	NA	NA	NA	NA	NA	NA	NA	5093	NA	NA	7267	NA	NA	NA	NA	NA	NA	NA	NA	NA	NA	NA	NA	NA
"ME203574"	NA	NA	NA	NA	NA	NA	NA	NA	NA	NA	NA	NA	NA	NA	NA	NA	NA	NA	NA	NA	NA	NA	NA	NA	NA	NA	NA	NA	13981	NA	3844	NA	NA
"ME203575"	NA	5256	150743	NA	NA	NA	93877	2427	7313	NA	10797	NA	NA	NA	17746	155639	NA	12683	NA	37366	8386	NA	9081	6414	NA	7271	7338	13670	15909	13823	4975	NA	13320
"ME203577"	71568	93137	92332	161828	136149	129941	96251	131790	67533	94115	87496	134595	56273	34456	58614	27756	68931	NA	75314	77608	80447	67995	75786	73011	127938	113659	41563	88053	37155	45369	101995	43468	94534
"ME203576"	25086	NA	NA	35498	NA	NA	NA	54388	NA	NA	NA	NA	NA	NA	NA	NA	19855	NA	NA	NA	NA	NA	6611	NA	6780	NA	NA	NA	3501	NA	NA	49416	NA
"ME203578"	42723	31317	36707	36472	72707	25005	72654	23845	81589	40893	44659	74186	37110	58717	31359	87287	64358	NA	48737	59589	39246	67182	37979	44821	45276	48800	67599	30588	28433	30877	41130	38479	55007
"ME203569"	NA	NA	NA	3977	NA	NA	NA	NA	NA	NA	NA	NA	NA	NA	NA	NA	NA	NA	NA	NA	NA	NA	NA	NA	NA	NA	NA	NA	NA	NA	NA	NA	NA
"ME203579"	196211	121442	144480	142093	225181	100258	183656	138273	149704	122111	175246	128069	134323	140251	159772	206121	169828	131325	136026	133863	131589	189697	199286	212752	145581	165418	219606	191631	199895	207048	124839	220828	117019
"ME203580"	31778	15448	17926	20944	17991	9443	17597	15615	11483	9276	15458	6944	NA	7217	9217	26224	15493	8670	9926	9986	8941	8333	19853	39778	26861	19371	12943	21234	35000	38590	12835	40795	11992
"ME203581"	NA	NA	NA	NA	NA	NA	39053	NA	NA	NA	NA	NA	NA	NA	NA	NA	NA	NA	NA	35131	NA	NA	NA	NA	NA	NA	NA	NA	NA	NA	NA	NA	NA
"ME203582"	24793	NA	21572	24385	21130	NA	NA	10643	8026	49102	85754	82574	82332	52848	110647	41167	28514	16676	90960	37980	74275	14355	89815	48379	NA	33175	82556	19201	41453	36866	59113	47745	26764
"ME203585"	59776	NA	NA	NA	15857	63794	134682	90652	25544	NA	27430	NA	9535	18795	23399	68227	15242	NA	23373	110475	63177	32358	27892	NA	NA	NA	43884	31677	NA	NA	NA	23965	NA
"ME203583"	64520	71428	36086	79455	NA	63816	NA	99033	71782	89954	84131	129314	NA	53421	NA	85155	60975	NA	85924	135177	90380	29510	87827	123654	137771	110257	106489	49794	NA	NA	136480	NA	129839
"ME203584"	191651	295576	134271	427385	297334	554174	362302	362518	43867	60303	123010	92230	29203	27105	57178	33210	83460	NA	76432	199401	51296	80104	34459	151713	173721	120887	58917	80564	89666	108008	116356	78625	94403
"ME203586"	NA	12765	1989	1685	1549	NA	3396	NA	NA	4446	7870	9484	5367	7579	10415	NA	2952	1391	9380	NA	4444	4157	14411	2867	NA	3457	1984	1086	4767	NA	NA	NA	1706
"ME203591"	NA	NA	3718	NA	NA	NA	NA	NA	NA	NA	NA	NA	NA	NA	NA	NA	NA	NA	NA	NA	NA	NA	NA	NA	NA	NA	NA	NA	NA	NA	NA	NA	NA
"ME203587"	102389	NA	63598	20297	99266	NA	NA	208931	5627	NA	NA	12645	NA	NA	NA	NA	31949	NA	NA	NA	NA	NA	NA	NA	3557	NA	NA	NA	NA	8038	NA	NA	27162
"ME203588"	NA	NA	NA	38030	NA	NA	NA	NA	NA	NA	NA	NA	NA	NA	NA	NA	NA	NA	NA	NA	NA	19275	NA	NA	NA	NA	NA	NA	NA	NA	NA	NA	NA
"ME203592"	20953	19527	21665	20870	48839	6968	24748	8958	28730	19522	37344	21133	19946	13326	22460	59641	32752	7187	16900	32683	21981	25017	33584	18144	23189	16572	21254	18495	31964	33091	10232	30396	25661
"ME203593"	NA	NA	NA	NA	NA	NA	NA	NA	NA	NA	NA	NA	NA	NA	NA	NA	NA	NA	NA	NA	NA	1969	NA	NA	NA	NA	NA	NA	NA	NA	1185	NA	NA
"ME203589"	2478	2589	NA	NA	NA	NA	NA	1711	NA	NA	NA	NA	NA	NA	5901	NA	NA	NA	NA	13320	NA	NA	NA	2537	NA	NA	NA	NA	2495	NA	NA	NA	NA
"ME203590"	NA	NA	NA	NA	6915	NA	3040	NA	NA	NA	5571	NA	NA	NA	NA	NA	3640	NA	NA	NA	NA	NA	NA	NA	NA	NA	2826	NA	NA	NA	NA	NA	3117
"ME203596"	12700000	9963234	5441682	7724974	13600000	2378643	13900000	3308513	2977529	3705533	8402723	1660679	1249356	1789165	3085926	7432868	6440688	1744073	1981038	5460478	1829256	3940094	4353506	4651841	6122658	4548885	7115069	5578572	6801937	7482015	3608751	9379103	3908289
"ME203597"	NA	NA	NA	167594	250319	NA	347575	208387	310890	134637	448858	165056	NA	94151	196817	NA	358109	NA	98157	145978	NA	178259	484764	269101	172621	231627	280979	370722	NA	NA	222351	442924	NA
"ME203598"	NA	NA	NA	NA	NA	NA	NA	13662	NA	NA	NA	NA	NA	NA	NA	NA	NA	NA	11981	NA	NA	NA	NA	NA	NA	NA	NA	NA	NA	NA	NA	NA	NA
"ME203594"	NA	NA	1693	9276	NA	13491	11693	NA	NA	NA	NA	NA	3962	NA	NA	NA	NA	NA	NA	NA	NA	NA	NA	NA	NA	NA	NA	NA	NA	NA	NA	NA	NA
"ME203599"	NA	NA	NA	NA	25610	NA	NA	NA	42504	14712	19328	39362	NA	NA	NA	NA	NA	NA	NA	NA	NA	NA	35908	21258	42114	NA	8094	20076	12782	NA	NA	38641	134972
"ME203600"	NA	NA	5796	NA	NA	NA	NA	NA	2427	NA	NA	NA	NA	NA	NA	8261	NA	NA	NA	NA	NA	NA	NA	NA	NA	NA	4804	NA	2383	NA	NA	NA	2655
"ME203601"	6629	NA	NA	NA	NA	NA	NA	NA	NA	NA	NA	NA	NA	NA	6256	NA	NA	NA	NA	NA	5907	NA	NA	9696	NA	NA	NA	NA	NA	NA	8828	NA	3865
"ME203595"	24887	NA	30671	23295	26951	NA	NA	37697	36011	NA	22084	18517	39037	4943	25761	19449	7341	3428	45318	45274	23389	31025	40042	35062	38095	15185	34596	30850	9902	6467	NA	37329	10116
"ME203602"	6856	33875	3774	29672	4280	51233	21476	14736	NA	11768	1073	1027803	1233009	NA	11443	NA	1277	NA	6515	7338	8503	1890	NA	958971	15939	17466	NA	1943	NA	NA	2098027	2440	321462
"ME203603"	732676	662517	707852	668101	637655	590825	671703	697203	831763	808021	780266	822587	845802	891764	831081	813039	804355	1053875	829475	745103	766252	778998	837013	776298	775195	760947	863168	786290	827342	795783	853695	788746	810473
"ME203604"	NA	NA	NA	5119	NA	NA	NA	NA	NA	NA	NA	NA	NA	NA	NA	NA	NA	NA	NA	NA	2794	NA	NA	NA	NA	3453	NA	NA	NA	NA	NA	NA	NA
"ME203605"	2334213	983353	1093593	1544673	2340440	748875	2501432	1108082	1228526	1429250	1975398	808307	698038	737767	1443646	1821922	1846371	1187564	951189	1871074	902367	1646500	1525415	1424643	1901304	1481716	1785047	1787441	2407796	2528950	1173621	2775528	1455389
"ME203606"	291206	172992	184377	202577	253343	83533	215830	145339	326386	145128	294969	114760	92612	100546	151274	278220	238385	151583	169313	204015	114073	354089	740453	450524	308086	246381	335999	337673	426691	458220	149641	437337	171320
"ME203607"	96854	109907	69060	107770	89937	139225	131190	140874	45294	38563	56933	73613	31193	25851	52536	26034	105858	NA	42389	60174	31629	48465	29724	54687	63027	92007	38776	51338	33410	41323	35713	58124	88537
"ME203608"	806277	971294	456760	732770	846224	637682	592523	617448	419486	343976	501113	638380	286097	257370	470088	234789	527257	18322	414343	318042	278198	406284	266285	444894	516255	796427	329454	464552	292166	378774	318400	488187	723853
"ME203609"	1695201	1414833	1944078	2133921	2586120	2691411	2156673	2271523	1055729	1431940	1813047	1296011	718061	714682	1223752	930479	1694278	68847	1269408	1429574	1583378	1391608	1165203	2522495	1843071	2045047	1224161	1502227	2836401	3383433	1373953	2426859	1441180
"ME203610"	11702	42916	14142	66687	41780	27624	42597	47975	NA	NA	27637	11436	NA	NA	68497	NA	12030	NA	NA	NA	22710	NA	12137	43708	7137	57124	7780	15176	NA	NA	9484	20558	NA
"ME203611"	NA	NA	NA	NA	NA	NA	NA	NA	NA	NA	NA	8589	NA	NA	5192	NA	NA	NA	NA	NA	9332	NA	NA	NA	NA	10362	19003	NA	NA	NA	NA	NA	NA
"ME203612"	23372	22995	29749	22245	43040	14778	26723	16365	11602	9399	20738	8753	5615	NA	12251	15255	13091	10018	8389	6355	11579	7805	14465	14564	7000	12696	13176	13215	5534	6469	5035	28045	5636
"ME203613"	NA	NA	NA	NA	NA	1980	NA	NA	NA	NA	NA	NA	NA	NA	NA	NA	NA	NA	NA	NA	NA	NA	NA	NA	NA	NA	NA	NA	NA	NA	NA	NA	NA
"ME203614"	NA	NA	87849	50389	27026	64479	6360	NA	NA	NA	NA	15443	NA	NA	NA	10931	16123	NA	NA	NA	NA	NA	NA	12110	NA	NA	NA	NA	NA	NA	NA	NA	NA
"ME203615"	NA	NA	34594	NA	NA	NA	138559	NA	NA	NA	10797	NA	NA	NA	16323	156879	NA	12683	NA	37366	8225	NA	9081	6414	NA	NA	49749	13321	15909	13823	5019	NA	13320
"ME203616"	NA	NA	NA	NA	NA	NA	NA	NA	1097	NA	NA	NA	NA	NA	NA	NA	NA	NA	NA	NA	NA	NA	NA	NA	NA	NA	NA	NA	NA	NA	NA	NA	NA
"ME203617"	NA	NA	NA	NA	NA	NA	NA	3637	NA	NA	NA	NA	NA	NA	NA	NA	NA	NA	NA	NA	NA	NA	NA	NA	10629	NA	NA	NA	NA	NA	NA	NA	NA
"ME203618"	NA	NA	NA	NA	NA	NA	NA	2237	NA	NA	NA	NA	NA	NA	NA	NA	NA	NA	NA	NA	NA	NA	NA	NA	4171	NA	NA	NA	NA	NA	NA	NA	NA
"ME203619"	NA	NA	NA	NA	NA	5755	NA	NA	NA	NA	NA	NA	NA	NA	NA	NA	NA	NA	NA	NA	NA	NA	NA	NA	NA	NA	NA	NA	NA	NA	NA	NA	5301
"ME203620"	NA	NA	NA	NA	NA	NA	NA	NA	NA	NA	NA	NA	NA	NA	NA	1940	NA	NA	NA	NA	NA	NA	NA	NA	NA	NA	NA	NA	NA	NA	NA	NA	NA
"ME203621"	NA	NA	NA	58182	NA	NA	NA	NA	NA	NA	NA	NA	NA	NA	NA	NA	8420	NA	NA	NA	NA	NA	NA	NA	NA	NA	NA	NA	NA	NA	NA	NA	NA
"ME203622"	NA	NA	NA	NA	NA	NA	1394	NA	NA	NA	NA	NA	NA	NA	NA	NA	NA	NA	NA	NA	NA	NA	NA	NA	NA	NA	NA	NA	NA	NA	NA	NA	NA
"ME203623"	18578	NA	18526	18204	1705	NA	NA	15975	33874	87412	31699	81602	61387	83707	95094	NA	17798	NA	43583	43546	65744	70386	77035	74580	13021	21503	57528	62549	NA	NA	84460	14866	8040
"ME203624"	NA	NA	555030	NA	NA	NA	NA	NA	NA	NA	NA	NA	NA	NA	11991	NA	60437	NA	NA	98910	25727	224569	NA	NA	NA	NA	21674	NA	NA	NA	NA	NA	NA
"ME203625"	11510	2315	7333	74821	45504	NA	11389	32784	343371	10384	13155	8834	8761	23112	30864	10872	109849	4448	21305	13106	7010	7178	15566	26079	25112	18514	23890	19624	4406	6345	10322	17119	32520
"ME203626"	24160	26689	31046	76088	152815	3883	19392	93500	71724	30264	79730	54305	168627	54233	128001	226648	675514	22038	240165	6260	22520	53172	104016	167710	872060	121075	396389	44574	291193	289212	11521	279866	53943
"ME203627"	NA	NA	30871	28371	29316	24274	33512	51479	55666	NA	92137	NA	50327	40667	69869	NA	66287	NA	18775	174591	NA	NA	73200	117920	NA	100895	38571	NA	34267	43288	NA	60424	NA
"ME203628"	28479	NA	NA	12396	NA	NA	41085	6761	13848	24851	82464	45364	46809	41112	53814	13631	71876	40228	55185	28090	23105	13330	64998	7373	17826	12278	55253	18527	48549	34157	12655	NA	NA
"ME203629"	NA	NA	NA	NA	NA	NA	NA	NA	NA	NA	NA	NA	NA	NA	NA	NA	NA	NA	34725	35257	NA	NA	15484	NA	NA	NA	NA	NA	NA	NA	NA	NA	NA
"ME203630"	NA	NA	NA	5491	NA	5311	NA	NA	NA	NA	NA	NA	NA	NA	NA	NA	NA	NA	NA	NA	NA	NA	NA	NA	NA	NA	NA	NA	NA	NA	NA	NA	NA
"ME203631"	53850	163669	34581	33245	16494	36279	48176	40644	NA	NA	18160	NA	NA	NA	NA	13608	17593	NA	NA	10175	NA	NA	NA	NA	NA	5135	17937	NA	NA	NA	10096	NA	NA
"ME203632"	2148	2303	2465	NA	NA	1115	NA	1827	4999	NA	2169	NA	NA	NA	NA	NA	NA	NA	NA	NA	NA	NA	6164	NA	3141	2130	NA	NA	2521	NA	3228	NA	NA
"ME203633"	NA	4749	NA	NA	NA	NA	NA	NA	7256	NA	NA	NA	NA	NA	NA	NA	NA	NA	2413	NA	1406	NA	NA	NA	NA	NA	NA	NA	7403	2791	NA	8468	3321
"ME203634"	11784	20000	8926	39019	25148	1826	10295	97482	20827	4808	3943	2553	2082	2231	2791	NA	31857	NA	5423	3002	1580	3053	NA	8276	37613	3316	2052	4131	3120	4802	1271	5087	3714
"ME203635"	2008754	1526696	1348369	1496733	2496377	1554642	1785633	1104378	1022981	850623	1547496	720086	636997	724687	1188345	1159036	1504379	824290	807263	1261520	754491	984893	893832	1193846	1213166	1002262	1845917	1430077	1075941	1221212	828183	2371351	811515
"ME203636"	NA	NA	NA	NA	NA	NA	NA	NA	NA	NA	5102	NA	NA	NA	NA	NA	NA	NA	NA	NA	NA	NA	NA	NA	NA	NA	NA	NA	NA	NA	NA	NA	NA
"ME203637"	272756	496986	565088	580377	669581	616020	430475	471840	473515	968338	411620	1253866	543886	532808	455073	137079	663923	98225	667568	356303	490807	518699	564370	691176	1392738	1607074	422805	727986	547216	447855	1844467	184503	659740
"ME203638"	145638	39735	53598	525026	91004	NA	132449	315205	354859	116981	178949	953001	111525	211092	181074	62183	264249	126192	274078	118570	77190	55473	205158	169451	127058	71697	221868	109533	83276	102072	2846	189425	20927
"ME203639"	8920	7549	10454	8810	NA	NA	6782	6487	NA	4235	NA	NA	3484	7830	NA	NA	NA	26487	3829	9285	NA	NA	61219	NA	10457	NA	12470	3051	NA	NA	6731	4584	NA
"ME203640"	NA	115509	115089	135935	248138	62259	157174	220644	52483	170375	123211	99703	63703	76624	150233	69092	75560	NA	113171	117085	544344	539563	147983	160286	NA	114097	116658	80457	266839	332946	48916	308859	12690
"ME203641"	NA	8916	NA	NA	NA	NA	236957	138835	NA	NA	NA	NA	NA	NA	NA	NA	147092	NA	NA	4871	NA	221479	NA	NA	NA	NA	457316	55699	NA	NA	12592	NA	NA
"ME203642"	32760	40796	45790	47985	72851	72637	27134	31182	49096	32224	51257	48279	37013	21398	56012	NA	106507	NA	51045	24152	32267	35595	38548	63215	64212	86345	32049	52619	35666	45024	65187	56698	49660
"ME203643"	13996	23887	22950	29313	26009	23607	15767	17083	10589	13148	16381	9946	14492	6514	13844	NA	21732	NA	12941	15768	7890	13268	NA	15054	22552	21790	10520	11743	8464	10616	16158	12130	14388
"ME203644"	93366	429400	324927	379330	272938	773621	405633	158076	NA	50286	NA	NA	18864	14489	NA	NA	NA	NA	NA	76293	NA	87270	9345	14067	110750	91886	NA	108095	NA	62267	32634	NA	281685
"ME203645"	NA	18125	17775	7844	41729	NA	11512	22819	NA	NA	NA	NA	NA	NA	NA	NA	NA	NA	NA	NA	NA	NA	NA	NA	NA	NA	NA	NA	NA	NA	NA	2474	21255
"ME203646"	NA	NA	NA	NA	41765	NA	NA	NA	NA	14364	4572	NA	4551	NA	2104	NA	NA	NA	5742	NA	NA	NA	NA	NA	NA	NA	NA	NA	100421	46936	NA	NA	NA
"ME203647"	13089	7893	8535	9756	9964	3136	12907	8974	5833	13864	20660	4647	4157	10113	8741	1969	16619	3396	4680	9027	9476	7439	8092	7291	11404	10344	26228	8801	5705	6421	6517	20832	5721
"ME203648"	12972	9767	12823	28379	38874	5191	13812	28289	10229	7739	18540	4672	4878	20791	19551	10747	22764	4372	16415	9810	11304	18110	25775	51367	15293	6298	8282	17574	22697	20550	15496	32972	16392
"ME203649"	NA	1473675	1313599	1412936	1612972	NA	1117710	796137	NA	NA	NA	NA	213843	NA	NA	NA	NA	NA	NA	NA	NA	NA	NA	NA	NA	715517	NA	NA	NA	NA	NA	NA	NA
"ME203650"	5358763	7813812	7467598	7693827	8192467	4758512	6873108	5221055	2909943	3794086	5250562	3515876	2249568	2124305	3880592	2041128	4875728	1083249	3519213	3222863	3548139	2831317	3271310	3913905	2820002	4887453	3427922	3933351	2234448	2637286	2690218	4661481	2852582
"ME203651"	451127	744423	706741	774223	809067	540408	1069827	1116360	635579	801738	1207791	656754	527085	542037	656262	522519	753508	98825	387268	667826	451409	730789	202675	677990	530305	857498	821084	1326993	430184	472393	631092	622172	726032
"ME203652"	NA	NA	NA	NA	NA	NA	NA	NA	NA	NA	NA	NA	NA	NA	NA	NA	NA	NA	NA	NA	NA	NA	NA	NA	NA	NA	NA	NA	NA	NA	NA	NA	36541
"ME203653"	NA	NA	12115	NA	NA	NA	NA	NA	NA	NA	NA	NA	NA	NA	NA	NA	NA	NA	NA	NA	NA	NA	NA	NA	NA	NA	NA	NA	NA	NA	NA	NA	NA
"ME203654"	NA	NA	NA	NA	NA	NA	2220	NA	NA	NA	NA	NA	NA	NA	NA	NA	NA	NA	NA	NA	NA	NA	NA	NA	NA	NA	NA	NA	NA	NA	NA	NA	NA
"ME203655"	209811	89391	117933	169805	112792	275392	362403	382663	291998	NA	231620	927741	277705	NA	121431	57446	130105	NA	462926	NA	403205	71324	233774	248076	NA	520196	NA	339539	NA	NA	40638	431860	NA
"ME203658"	41021	47149	9296	20602	125370	65542	33907	25370	NA	16748	NA	3421	NA	2246	3113	18891	NA	NA	NA	9792	NA	2860	NA	11126	5970	6265	NA	NA	NA	NA	3377	NA	5104
"ME203656"	878144	1283000	1175172	1306970	1221079	772145	1191969	1355626	553033	955957	910749	1163969	818075	450140	825963	344098	667423	28544	1147598	698987	471966	898458	504563	1350419	1250556	1135620	560945	681384	457930	606741	1479730	1044619	618168
"ME203657"	95733	157496	134196	192955	226817	91409	101132	105236	123657	135472	112904	160245	114621	117209	206446	79948	177345	19374	191304	111870	68143	180036	136447	149754	197282	89809	97352	100897	90428	122679	276068	152357	93338
"ME203659"	27148	8227	13561	59865	93773	NA	28347	81215	NA	NA	14779	NA	NA	NA	26316	52441	47920	NA	122639	82270	8498	NA	72171	49317	100463	10961	101030	32600	11362	6624	NA	91345	NA
"ME203660"	4473	28447	26602	26965	28451	21651	23778	15505	10868	NA	NA	34459	NA	22387	4174	NA	12410	NA	NA	NA	NA	6586	NA	7669	4324	NA	NA	14578	NA	7939	NA	6151	18625
"ME203661"	960605	1112370	699217	751951	532467	428132	1139502	799557	737823	291982	623540	326085	211709	66111	285296	309267	1125571	32806	640591	1106539	374230	425505	406225	277166	974198	372674	174402	1052674	193117	423458	341811	1205185	323074
"ME203662"	9159	18555	10422	19196	15807	21904	26160	15487	10506	7137	9261	24016	19618	NA	17182	3260	13473	NA	34823	17339	10317	14451	49778	26130	22655	15859	53851	4793	NA	5743	NA	10623	8479
"ME203663"	NA	NA	NA	25609	NA	NA	NA	7628	NA	NA	NA	NA	NA	NA	NA	NA	NA	NA	NA	NA	NA	NA	NA	28555	18905	NA	NA	NA	NA	NA	NA	NA	NA
"ME203664"	25800	7980	11292	4705	12228	103272	24354	27771	212197	118808	101442	121777	191102	227212	209000	200153	93245	232984	227572	78602	231830	186970	229283	186232	135790	149390	194165	153097	235532	217551	231087	223675	160728
"ME203665"	37268	28293	27465	20210	27651	58642	31408	33415	103680	70035	63038	68277	102229	116587	95337	99589	55460	131921	114811	57283	112761	89030	113215	90894	72919	75628	94975	78854	109921	106841	109860	107308	78413
