"S00026234"	"S00026235"	"S00026236"	"S00026237"	"S00026238"	"S00026239"	"S00026240"	"S00026241"	"S00026242"	"S00026243"	"S00026244"	"S00026245"	"S00026246"	"S00026247"	"S00026248"	"S00026249"	"S00026250"	"S00026251"	"S00026252"	"S00026253"	"S00026254"	"S00026255"	"S00026256"	"S00026257"	"S00026258"	"S00026259"	"S00026260"	"S00026261"	"S00026262"	"S00026263"	"S00026264"	"S00026265"	"S00026266"
"ME203671"	4647	6378	NA	NA	NA	NA	NA	NA	NA	NA	NA	NA	NA	NA	NA	NA	NA	NA	NA	NA	NA	NA	NA	NA	NA	NA	NA	NA	NA	NA	NA	NA	15044
"ME203672"	NA	NA	NA	NA	17592	NA	NA	NA	NA	NA	NA	NA	NA	NA	NA	NA	NA	NA	NA	NA	2568	NA	NA	NA	NA	NA	NA	NA	NA	NA	NA	NA	NA
"ME203675"	791879	344893	605218	382262	239588	234512	787067	477749	991763	958004	999334	1156435	700061	500209	829673	579063	1208377	261719	1081609	980661	651251	994736	1226670	670005	787089	1067963	1040519	1046763	864459	903954	702630	1113919	1491673
"ME203676"	256958	144539	208405	167808	157262	149532	276992	206534	NA	333579	349479	408065	262395	194813	288877	275971	403462	36955	NA	95124	70042	NA	NA	233927	362848	326547	317600	348692	409885	386710	266197	337959	674582
"ME203673"	27500000	31400000	28800000	27200000	3.1e+07	23900000	26300000	23200000	34100000	32500000	32800000	36900000	32100000	16300000	32100000	24600000	33200000	8980481	39300000	33200000	28600000	34600000	33900000	3.3e+07	30700000	3.5e+07	33900000	29300000	30900000	3.2e+07	28600000	28500000	29800000
"ME203674"	552491	749598	767757	542475	826395	472263	488596	2744746	2087386	3178150	735038	3791152	1978836	2095169	2239434	3499335	677566	2256022	940457	2766410	3561811	3537679	3991408	1869080	2650170	1473299	2898317	3376453	3154925	3045508	3283412	564212	922815
"ME203677"	NA	NA	NA	NA	NA	NA	NA	NA	NA	NA	NA	NA	NA	NA	NA	NA	NA	NA	NA	24260	NA	NA	NA	NA	NA	NA	NA	NA	NA	NA	NA	NA	NA
"ME203678"	NA	NA	NA	NA	NA	NA	NA	NA	NA	NA	NA	NA	1643	NA	1096	NA	NA	NA	1348	NA	NA	1557	1344	NA	NA	NA	NA	NA	NA	NA	NA	NA	NA
"ME203679"	NA	NA	NA	NA	18994	NA	17991	NA	NA	NA	NA	NA	NA	NA	NA	NA	NA	NA	NA	NA	NA	NA	NA	NA	NA	NA	NA	NA	NA	NA	NA	10783	NA
"ME203680"	NA	NA	16253	NA	NA	NA	NA	NA	8032	NA	7176	NA	16045	NA	14211	NA	NA	NA	NA	NA	5265	NA	NA	NA	NA	NA	NA	NA	NA	NA	NA	NA	NA
"ME203681"	343847	333641	282491	357196	388546	305542	410926	287029	402461	213155	425681	368962	373822	214898	376752	410266	502501	80004	461646	208583	322713	451047	416266	319563	88204	459807	332633	471340	126304	136592	177361	429741	42297
"ME203682"	45199	40087	32545	44996	39256	54757	58218	48888	75194	32786	78863	67595	69585	47079	28381	73062	72065	18534	80194	23320	55388	79158	75200	52724	9261	75721	43266	79171	20106	33879	22989	63299	NA
"ME203666"	13589	15769	14716	14010	13038	26197	NA	19924	9355	6020	7673	6184	5148	NA	6677	5515	10805	NA	5838	NA	6203	8418	8913	9522	14641	8856	7960	11734	6595	9205	7066	13841	14577
"ME203667"	5369	2737	1636	1665	5898	NA	5914	NA	4378	3702	5591	7219	2202	7066	3149	NA	5236	6269	5412	NA	2942	5355	2395	NA	2800	4369	2992	3875	6445	5331	2355	NA	2566
"ME203668"	2835945	3207540	3382648	4009620	3914019	3746317	3722345	3972565	1661703	2173340	2524484	1856986	1282910	1032903	1656556	1575701	2380772	NA	1905696	2574053	2205591	2051567	1694276	3340935	2778358	2855461	1936218	2088450	3349883	3947401	2091981	3180165	2042876
"ME203669"	NA	NA	NA	NA	53503	NA	NA	NA	20713	28312	NA	NA	17256	NA	NA	NA	31985	NA	26358	NA	29622	NA	24343	48630	NA	39590	26229	NA	43715	52799	27246	42312	NA
"ME203670"	NA	NA	NA	4432	NA	3296	NA	NA	NA	NA	NA	NA	NA	NA	10940	NA	NA	NA	NA	NA	NA	NA	NA	NA	NA	NA	NA	NA	NA	NA	NA	NA	NA
"ME203694"	1334319	2266297	1577006	1059308	1458976	797400	1182035	652525	274154	209102	475133	295303	475912	403681	340912	506558	498124	30554	548177	335654	421282	317383	297748	322224	261732	470705	253064	176645	101497	110957	399392	652564	78746
"ME203695"	2034425	3433308	2456359	1841448	2866139	907685	2266032	796590	319568	81953	885330	275863	398719	440158	348141	702365	722568	NA	400887	103406	228139	362944	445868	413775	63000	667945	101872	166062	51563	57618	162603	928608	13140
"ME203696"	NA	NA	NA	NA	NA	NA	NA	NA	NA	913311	NA	NA	NA	550984	NA	NA	986906	NA	1426502	1098240	1664369	2691629	NA	NA	1143759	NA	NA	105659	2282809	2081722	28186	1085911	2337350
"ME203697"	186354	10686	59461	22850	7798	18235	79772	64661	657634	552407	448008	581235	400482	292002	422234	117372	185653	22476	503712	360212	258408	519461	1080688	172867	494592	229987	246924	22322	387861	432797	329472	203459	367940
"ME203698"	NA	NA	NA	NA	2393	NA	NA	NA	NA	NA	NA	2310	NA	1033	NA	NA	NA	NA	NA	NA	NA	NA	NA	NA	NA	NA	NA	NA	NA	NA	NA	NA	NA
"ME203687"	NA	4925	NA	NA	NA	NA	NA	NA	11384	9482	NA	NA	8608	NA	NA	NA	NA	NA	11037	NA	9791	NA	18239	NA	9186	NA	15151	NA	NA	10234	NA	NA	14156
"ME203688"	NA	NA	NA	NA	NA	1781	NA	NA	NA	NA	4024	NA	NA	NA	NA	NA	NA	NA	NA	NA	NA	4253	NA	NA	NA	3495	NA	NA	NA	NA	NA	NA	NA
"ME203683"	NA	NA	7388	NA	NA	2485	7111	NA	NA	NA	NA	NA	NA	NA	NA	NA	NA	NA	NA	6351	NA	NA	NA	NA	NA	NA	NA	NA	NA	NA	NA	NA	NA
"ME203689"	35342	16710	25916	17105	29377	NA	15257	5921	36121	77264	52501	78098	30828	6668	28568	25563	43752	13822	39069	14703	NA	NA	14282	NA	39258	31250	33388	54964	29048	26212	NA	NA	31894
"ME203684"	NA	3500	NA	NA	NA	8060	NA	NA	NA	NA	NA	NA	NA	NA	NA	NA	NA	NA	NA	NA	NA	NA	NA	NA	NA	NA	NA	NA	NA	NA	NA	NA	NA
"ME203685"	NA	NA	NA	NA	NA	2383	NA	NA	NA	NA	NA	NA	NA	NA	NA	NA	NA	NA	NA	NA	NA	NA	NA	NA	NA	NA	NA	NA	NA	NA	NA	NA	NA
"ME203686"	3732	19379	NA	NA	NA	12840	2174	NA	2416	NA	NA	5790	NA	NA	8140	NA	6345	NA	3000	NA	1996	1117	NA	NA	NA	7015	6233	NA	NA	NA	NA	8008	NA
"ME203690"	NA	NA	16450	NA	NA	NA	NA	NA	NA	9609	NA	NA	NA	NA	NA	NA	20933	NA	NA	16569	NA	NA	NA	NA	NA	NA	NA	13750	NA	NA	NA	NA	NA
"ME203691"	NA	NA	NA	NA	NA	NA	NA	NA	NA	5016	NA	NA	NA	NA	2630	NA	NA	NA	NA	NA	NA	2201	NA	NA	4406	NA	5374	NA	NA	NA	5025	NA	6303
"ME203692"	3274	8650	NA	NA	NA	NA	NA	NA	NA	NA	NA	NA	NA	1164	NA	NA	NA	NA	NA	NA	NA	NA	NA	NA	NA	NA	NA	NA	NA	NA	NA	NA	NA
"ME203693"	NA	NA	NA	NA	NA	NA	6323	NA	NA	NA	NA	NA	NA	NA	NA	NA	NA	NA	NA	NA	NA	NA	NA	NA	NA	NA	NA	NA	NA	NA	NA	NA	NA
"ME203699"	NA	9063	10565	4995	NA	NA	15840	7640	NA	17835	4113	25202	7808	10251	7302	11842	NA	NA	14119	12123	9963	10244	NA	24267	15353	21269	17236	16137	NA	2705	13016	NA	23877
"ME203700"	NA	NA	NA	NA	NA	NA	NA	NA	NA	NA	NA	NA	NA	NA	NA	NA	NA	NA	NA	NA	NA	NA	NA	NA	NA	NA	NA	NA	NA	NA	NA	71043	NA
"ME203701"	NA	NA	NA	NA	NA	NA	NA	NA	NA	NA	NA	NA	NA	NA	NA	NA	7577	NA	NA	NA	NA	NA	NA	NA	NA	NA	NA	NA	NA	NA	NA	NA	NA
"ME203702"	NA	NA	NA	NA	NA	29531	NA	NA	NA	NA	NA	NA	NA	NA	NA	NA	NA	13796	NA	NA	NA	NA	NA	NA	NA	NA	NA	NA	NA	NA	NA	NA	NA
"ME203703"	6992	NA	1315	1677	NA	NA	NA	NA	NA	NA	NA	NA	NA	NA	NA	NA	NA	NA	NA	NA	NA	NA	NA	NA	NA	NA	NA	NA	NA	NA	NA	NA	NA
"ME203704"	1014597	NA	NA	NA	1908199	NA	NA	NA	803344	2930844	1674152	1307377	NA	1076088	1262172	NA	1142673	707066	254063	276182	NA	NA	NA	NA	1421065	1136508	NA	1261431	304149	NA	NA	NA	462179
"ME203705"	NA	NA	NA	NA	NA	NA	NA	NA	12194	NA	NA	NA	NA	NA	27899	NA	NA	NA	NA	NA	NA	NA	NA	NA	NA	NA	NA	NA	5453	NA	NA	NA	NA
"ME203706"	1577797	1107953	1229249	1758149	1242573	1626086	1747008	1758518	1506161	1996500	2045422	2109078	2146396	1648873	2164799	1817532	1331444	819100	1756916	1897419	2185819	1757792	1904249	2067729	1702569	2079062	1467379	1994118	2040719	1974129	1771002	1524955	1777089
"ME203707"	3309	NA	NA	6931	8251	10773	NA	NA	NA	NA	4379	NA	NA	1470	6535	NA	2526	NA	6012	NA	5291	4771	NA	NA	5069	NA	2373	NA	NA	NA	NA	NA	3910
"ME203708"	NA	9957	NA	45681	NA	42649	11152	NA	NA	NA	NA	NA	58028	NA	3403	NA	NA	NA	NA	30587	12108	NA	NA	162010	NA	8705	2633	NA	31824	31610	NA	NA	42728
"ME203709"	NA	NA	NA	NA	5115	NA	NA	NA	NA	NA	NA	NA	NA	NA	NA	NA	NA	NA	NA	NA	NA	NA	NA	NA	NA	NA	NA	NA	NA	NA	NA	NA	NA
"ME203710"	NA	NA	1147	NA	NA	NA	NA	NA	NA	NA	NA	NA	NA	NA	NA	NA	NA	NA	NA	NA	NA	NA	NA	NA	NA	NA	NA	NA	NA	NA	NA	NA	NA
"ME203711"	74903	63921	73050	95317	101164	110168	85216	56615	170697	NA	73310	49510	51542	6145	47773	22346	149462	4357	84197	NA	52015	211562	57138	70438	28567	30827	21861	75748	NA	38419	40152	59756	NA
"ME203712"	NA	NA	NA	NA	NA	NA	NA	NA	NA	NA	NA	NA	NA	NA	NA	NA	NA	NA	NA	NA	NA	NA	NA	NA	NA	NA	2178	NA	NA	NA	NA	NA	NA
"ME203713"	NA	NA	NA	NA	NA	NA	NA	NA	NA	NA	NA	NA	NA	NA	NA	NA	NA	NA	NA	NA	NA	NA	4012	NA	NA	NA	NA	NA	NA	NA	NA	NA	NA
"ME203714"	31284	52216	32156	NA	13290	NA	55859	NA	NA	31840	15711	13375	35977	16657	NA	NA	74374	NA	NA	38651	NA	NA	NA	NA	NA	50847	13370	NA	NA	NA	NA	NA	98416
"ME203715"	NA	NA	NA	NA	NA	NA	NA	NA	NA	NA	NA	NA	NA	NA	NA	NA	NA	NA	NA	NA	13161	NA	NA	NA	NA	NA	NA	NA	15367	18269	NA	NA	NA
"ME203716"	NA	NA	NA	NA	NA	10447	NA	NA	NA	NA	NA	20094	NA	NA	NA	NA	NA	NA	NA	NA	NA	NA	NA	NA	NA	NA	NA	NA	NA	NA	NA	NA	NA
"ME203717"	NA	NA	NA	32945	31781	NA	NA	30688	15437	NA	38352	45706	NA	22950	24710	15216	NA	NA	22011	51523	NA	NA	14541	35380	NA	NA	38991	NA	NA	NA	20200	15868	NA
"ME203718"	1293	NA	NA	NA	NA	NA	NA	NA	NA	NA	NA	NA	NA	NA	NA	NA	NA	NA	NA	NA	NA	NA	NA	NA	NA	NA	NA	NA	NA	NA	NA	NA	NA
"ME203719"	NA	NA	NA	NA	NA	NA	NA	NA	NA	NA	NA	NA	NA	NA	NA	NA	NA	NA	NA	NA	NA	NA	NA	NA	NA	NA	NA	NA	NA	NA	NA	NA	18384
"ME203720"	3037	1456	8046	NA	NA	3236	9272	NA	NA	NA	10183	3203	NA	1391	6544	2303	6561	NA	3308	NA	2498	6171	NA	5232	17359	3530	NA	6809	5825	NA	7628	5729	28105
"ME203721"	21496	6337	4463	45010	32128	NA	15993	40330	304544	40361	20768	NA	NA	5819	6827	10168	30202	NA	NA	24342	10801	9565	NA	10574	72737	17976	27794	19088	40296	50213	25394	13499	57118
"ME203722"	NA	NA	NA	NA	NA	NA	NA	NA	NA	NA	NA	NA	NA	NA	NA	NA	NA	NA	NA	NA	NA	NA	NA	NA	NA	1355	NA	NA	NA	NA	NA	NA	NA
"ME203723"	5811	NA	12873	NA	10004	NA	NA	NA	NA	16023	NA	25066	NA	NA	7299	7737	9598	NA	13841	16007	NA	NA	NA	NA	18354	NA	NA	NA	NA	NA	NA	NA	NA
"ME203724"	NA	4565	NA	6466	50574	NA	30811	NA	NA	NA	NA	NA	NA	NA	NA	NA	NA	NA	NA	NA	NA	7411	NA	NA	NA	NA	NA	NA	NA	NA	NA	6745	NA
"ME203726"	NA	NA	NA	NA	NA	NA	NA	7364	NA	NA	NA	NA	NA	11149	NA	NA	NA	1633	NA	NA	NA	NA	NA	NA	27424	NA	NA	NA	NA	NA	NA	NA	NA
"ME203727"	2917817	NA	NA	586756	2463967	4330	13474	NA	67801	2955043	2925432	135489	2624555	230085	2781976	1166047	13026	237110	3298772	2137548	1544158	1288172	2201111	3052817	2249905	3777618	2790329	3927646	2712156	4224373	2454494	2557414	3032331
"ME203728"	NA	NA	NA	NA	NA	NA	NA	NA	NA	NA	NA	1777	NA	NA	NA	NA	NA	NA	NA	NA	NA	NA	NA	NA	NA	NA	NA	NA	NA	NA	NA	NA	NA
"ME203729"	NA	NA	52333	NA	64292	64978	NA	66963	64400	100033	68199	NA	43149	32624	46159	NA	90201	NA	39639	154947	30106	62172	48574	92334	162942	58566	143381	71546	95118	103912	97435	55506	194949
"ME203725"	66378	71159	67099	67093	57161	77632	83508	66819	50023	34513	62147	47971	32504	20812	28977	36414	66541	NA	38121	59665	39139	70120	54611	49887	49933	51368	41851	71317	47073	56009	42124	90949	NA
"ME203730"	412872	305182	389469	330321	212676	NA	347598	415478	285204	451876	265632	129182	407072	337788	399924	457571	766914	236684	544077	543731	413697	441255	529695	267960	511134	453380	322849	466592	397102	457790	525245	239692	534908
"ME203731"	74454	46216	105901	43773	24352	47479	53130	70278	57716	22922	105806	80944	55104	24328	103755	19329	145634	9823	54175	NA	36083	29591	36907	50826	NA	135006	55046	62148	NA	22687	NA	NA	NA
"ME203732"	NA	NA	NA	NA	1808	NA	NA	NA	14337	NA	NA	NA	NA	NA	NA	NA	NA	NA	NA	NA	NA	NA	NA	NA	NA	NA	NA	NA	NA	NA	NA	NA	1541
"ME203733"	NA	NA	NA	NA	NA	NA	NA	NA	NA	NA	NA	NA	8084	NA	NA	NA	5128	NA	NA	8161	NA	NA	NA	NA	5226	NA	NA	NA	NA	NA	NA	NA	NA
"ME203734"	NA	NA	1336	NA	NA	7244	NA	3995	2021	NA	9387	NA	29495	NA	3523	NA	12859	NA	9774	22045	16533	7297	NA	11359	12372	NA	NA	NA	NA	1802	3241	NA	NA
"ME203735"	NA	NA	NA	NA	NA	1045	NA	NA	NA	NA	NA	NA	NA	NA	NA	NA	NA	NA	NA	NA	NA	NA	NA	NA	NA	NA	NA	NA	NA	NA	NA	NA	NA
"ME203736"	2657	NA	NA	NA	2782	NA	NA	NA	NA	NA	NA	NA	NA	NA	NA	NA	NA	NA	NA	NA	NA	NA	NA	NA	NA	1413	NA	NA	NA	NA	NA	NA	NA
"ME203737"	172969	423911	228400	217999	208273	NA	231512	628351	717684	820248	595894	1076741	1016886	920350	305614	408991	148082	99410	1620880	333900	1095551	566992	1036754	500667	850957	895671	717276	113342	299505	231715	902943	163626	319101
"ME203738"	NA	NA	NA	NA	8922	NA	NA	NA	NA	NA	NA	NA	NA	NA	4426	NA	NA	NA	NA	NA	NA	NA	NA	10798	NA	14903	5979	NA	NA	NA	NA	NA	13463
"ME203739"	NA	6372	47336	NA	NA	5722	6337	NA	NA	NA	7098	NA	NA	NA	NA	NA	NA	NA	NA	NA	NA	40669	44732	NA	NA	NA	NA	NA	NA	NA	NA	NA	119517
"ME203740"	43482	39361	41474	38301	NA	37778	45596	33887	51435	46142	45523	44274	39300	35531	53823	64750	46312	NA	62619	72530	83563	89674	54157	67242	88192	78727	76696	61586	62159	58939	55701	41212	68764
"ME203741"	196599	167647	152551	109315	73110	159051	149215	154570	135178	63320	52712	NA	170856	91885	154083	232772	159992	15621	186656	419421	468321	548137	NA	260412	499564	382980	355672	350380	239373	250832	113609	NA	413688
"ME203742"	1334	NA	NA	2601	NA	NA	NA	NA	1668	NA	1141	NA	NA	NA	NA	NA	NA	NA	NA	NA	NA	NA	NA	NA	NA	NA	NA	NA	NA	NA	NA	NA	1576
"ME203743"	NA	NA	NA	109093	78766	NA	NA	46474	NA	NA	NA	NA	NA	NA	NA	NA	NA	NA	NA	NA	NA	NA	NA	NA	NA	NA	NA	NA	NA	NA	NA	71043	NA
"ME203744"	11407	10011	5395	4394	NA	4175	10096	5915	NA	3272	NA	NA	NA	NA	NA	NA	2480	NA	NA	4535	NA	1494	NA	NA	NA	12218	NA	NA	NA	NA	NA	NA	4121
"ME203745"	NA	NA	NA	NA	NA	17532	NA	NA	NA	NA	NA	NA	NA	NA	NA	NA	NA	NA	NA	NA	NA	NA	NA	NA	NA	NA	NA	NA	NA	NA	NA	NA	NA
"ME203746"	13333	23521	3189	NA	NA	NA	NA	NA	NA	NA	NA	NA	NA	NA	NA	NA	NA	NA	NA	NA	NA	NA	NA	NA	NA	NA	NA	NA	NA	NA	NA	NA	NA
"ME203747"	12381	8631	8941	NA	19123	12744	27295	NA	10316	12979	NA	10394	NA	8923	NA	NA	28409	4155	9614	57254	14207	17268	11777	15305	20444	21778	21476	19450	NA	NA	18697	10234	41554
"ME203748"	NA	NA	NA	NA	NA	NA	NA	NA	NA	NA	NA	NA	NA	NA	NA	NA	NA	1832	NA	NA	NA	NA	NA	NA	NA	NA	NA	NA	NA	NA	NA	NA	NA
"ME203749"	NA	NA	NA	NA	NA	NA	5639	NA	NA	NA	3780	NA	NA	NA	NA	NA	NA	NA	NA	NA	NA	4134	NA	5222	NA	NA	NA	NA	NA	NA	NA	NA	NA
"ME203750"	NA	NA	NA	NA	NA	NA	NA	NA	NA	NA	NA	NA	NA	NA	NA	NA	NA	NA	NA	NA	NA	NA	NA	NA	NA	NA	NA	NA	NA	NA	NA	1016	NA
"ME203751"	NA	NA	NA	NA	102665	NA	NA	NA	NA	NA	NA	NA	NA	NA	NA	NA	3709	NA	NA	NA	NA	NA	NA	NA	NA	NA	NA	NA	NA	NA	NA	NA	NA
"ME203752"	69277	78025	96194	78335	40189	68922	59574	75401	9955	NA	11447	35867	86259	29304	44063	10139	18869	NA	54231	NA	60287	9090	9528	48848	NA	43356	NA	25767	NA	NA	NA	21866	NA
"ME203753"	NA	NA	NA	NA	NA	NA	NA	NA	NA	NA	NA	2188	NA	NA	NA	NA	NA	NA	NA	NA	NA	NA	NA	NA	NA	NA	NA	NA	NA	NA	NA	NA	NA
"ME203754"	NA	NA	NA	NA	NA	NA	NA	NA	NA	NA	NA	NA	NA	1513	NA	NA	NA	NA	5053	NA	NA	NA	NA	NA	NA	NA	NA	NA	NA	NA	NA	NA	NA
"ME203755"	NA	32676	NA	NA	30441	NA	NA	NA	21178	18576	18928	36975	NA	7151	24377	NA	23561	NA	18347	NA	29520	NA	NA	NA	45608	NA	17034	18248	27843	37400	27236	33470	15044
"ME203756"	NA	NA	NA	NA	13303	NA	12140	NA	NA	NA	NA	NA	3272	14241	NA	NA	NA	NA	5217	NA	24668	NA	NA	NA	6784	NA	NA	NA	15525	NA	29544	52200	NA
"ME203757"	NA	NA	NA	NA	NA	NA	NA	NA	NA	NA	NA	NA	NA	NA	NA	NA	NA	NA	NA	NA	NA	NA	NA	1007	NA	NA	NA	NA	NA	NA	NA	NA	NA
"ME203758"	NA	NA	NA	NA	NA	2058	NA	NA	NA	NA	NA	NA	NA	NA	NA	NA	NA	NA	NA	NA	NA	NA	NA	NA	NA	NA	NA	NA	NA	NA	NA	NA	NA
"ME203759"	NA	2344	NA	NA	1637	5058	NA	NA	NA	NA	NA	NA	NA	NA	2057	NA	NA	NA	2972	NA	NA	NA	NA	NA	NA	NA	3659	NA	1795	NA	NA	NA	NA
"ME203760"	NA	NA	NA	NA	NA	NA	NA	NA	NA	NA	NA	NA	NA	NA	NA	NA	NA	NA	3667	NA	NA	NA	NA	NA	NA	NA	NA	NA	NA	NA	NA	NA	NA
"ME203761"	9160	NA	NA	NA	NA	NA	NA	NA	7555	22529	7734	NA	4214	NA	NA	5053	10474	NA	NA	244489	NA	28747	12229	NA	63062	NA	47904	20963	245421	242788	79731	24488	246259
"ME203762"	2827081	2215961	3194957	1776704	4281942	2149789	3520354	1016225	2312543	242603	4350129	2885038	3188129	809189	3473727	4776561	4868322	1806010	2878892	783834	568756	2436917	5486006	3973486	550131	3204653	1168897	3475111	265790	362075	603902	6880088	187978
"ME203763"	362676	297811	370626	544184	407967	374190	1001008	289450	1315270	NA	428172	368472	1509426	160760	366194	579139	587070	139043	564213	NA	264404	373271	374652	647911	NA	404291	NA	645662	NA	NA	NA	629695	NA
"ME203764"	NA	1016	NA	NA	NA	NA	NA	NA	NA	NA	NA	NA	NA	NA	NA	NA	NA	NA	NA	NA	NA	NA	NA	NA	NA	NA	NA	NA	NA	NA	NA	NA	NA
"ME203765"	3485	8203	19280	20883	NA	106879	16083	33093	NA	NA	NA	NA	NA	NA	NA	NA	NA	NA	NA	NA	NA	NA	NA	NA	NA	NA	NA	NA	NA	NA	NA	NA	NA
"ME203766"	NA	NA	4890	NA	NA	NA	NA	NA	NA	NA	NA	NA	NA	NA	NA	NA	NA	NA	NA	NA	NA	NA	NA	NA	NA	NA	NA	NA	NA	NA	NA	NA	NA
"ME203767"	6915	NA	2999	NA	NA	NA	NA	NA	NA	NA	NA	NA	NA	NA	NA	4813	NA	NA	NA	NA	NA	NA	NA	NA	NA	NA	NA	NA	NA	NA	NA	NA	NA
"ME203768"	11633	6945	5039	NA	NA	1437	NA	1335	NA	NA	NA	NA	NA	NA	NA	6844	NA	NA	NA	NA	NA	NA	NA	NA	NA	NA	1772	NA	NA	NA	NA	NA	NA
"ME203769"	19607	20318	63947	84359	32041	22144	25788	25816	14885	NA	86916	37324	132305	NA	35262	11445	113773	NA	37463	130018	NA	40808	101731	86312	100773	NA	NA	NA	NA	5761	NA	NA	15504
"ME203770"	15759	17130	49514	66642	24759	19115	18691	25610	11287	7769	66275	27257	101925	4914	24755	10212	93812	NA	26601	94040	NA	32937	72397	65806	77031	5534	11379	6233	NA	6288	5750	6469	12863
"ME203771"	3177	NA	2024	NA	NA	NA	NA	NA	NA	NA	NA	NA	NA	NA	NA	NA	NA	NA	NA	NA	NA	NA	NA	NA	NA	NA	NA	NA	NA	NA	NA	NA	NA
"ME203772"	NA	NA	NA	NA	NA	NA	NA	NA	NA	NA	NA	NA	NA	NA	NA	NA	NA	NA	NA	NA	NA	NA	2801	NA	NA	NA	NA	NA	NA	NA	NA	NA	NA
"ME203773"	NA	NA	NA	NA	NA	6907	NA	NA	NA	NA	NA	NA	NA	NA	NA	NA	NA	NA	NA	NA	NA	NA	NA	NA	NA	NA	NA	NA	NA	NA	NA	NA	NA
"ME203774"	15920	9641	3642	4626	33522	13152	9959	3535	31018	53186	163378	43280	19211	81549	6834	97883	6711	102728	22552	3881	18777	8185	5858	1357	197227	14488	190554	17825	37774	232260	30281	4977	4247
"ME203775"	NA	NA	NA	NA	NA	NA	NA	NA	NA	NA	NA	NA	NA	NA	NA	NA	NA	NA	1072	3250	NA	NA	NA	NA	NA	NA	NA	NA	NA	NA	1668	2780	5478
"ME203776"	NA	NA	NA	NA	NA	NA	NA	NA	NA	NA	NA	NA	NA	NA	NA	NA	NA	NA	NA	NA	NA	NA	NA	4083	6419	NA	NA	NA	NA	NA	NA	NA	NA
"ME203778"	NA	41081	34990	NA	NA	44082	14541	64726	NA	NA	NA	6440	NA	NA	NA	NA	52029	67648	91954	17978	121050	165265	28974	NA	195405	NA	17515	96016	26991	110993	NA	NA	145162
"ME203777"	816877	683100	734095	742768	781488	676673	764742	649881	902109	1060239	1149443	1135473	902237	558555	897961	896016	948407	821401	1045381	890555	931752	1130544	1131161	961286	1191349	995178	873295	1098015	1148985	1174791	948114	908754	1704975
"ME203779"	NA	NA	6060	2646	NA	NA	NA	NA	NA	NA	NA	NA	NA	NA	NA	NA	NA	NA	NA	NA	NA	NA	NA	NA	NA	NA	NA	4355	NA	NA	NA	NA	NA
"ME203780"	27964	24736	16583	23635	63453	24500	17743	11562	7729	1956	7662	27675	5423	5127	6901	NA	33345	8796	8767	11063	2157	9554	NA	8608	13042	10246	1980	22569	12205	9870	2283	16295	7220
"ME203781"	4221	14703	6241	15025	3546	15792	6318	11440	NA	NA	2651	NA	NA	3803	NA	6640	NA	NA	6848	NA	14582	NA	3704	4192	NA	3376	NA	3959	3092	3686	9086	13591	NA
"ME203782"	NA	NA	NA	3467	NA	NA	NA	NA	NA	NA	2132	3074	NA	1571	NA	NA	1917	NA	2774	7062	1600	NA	NA	2047	NA	NA	1762	NA	NA	NA	NA	NA	NA
"ME203783"	20923	36784	36952	34481	42606	113869	NA	31479	NA	NA	NA	NA	NA	NA	NA	NA	NA	NA	NA	NA	NA	NA	NA	NA	NA	NA	NA	NA	NA	NA	NA	NA	NA
"ME203784"	859720	1375820	1269728	1095229	1341403	3192027	629234	1056772	79482	58025	132622	52026	157404	37711	80080	148652	143612	12249	90011	203766	83472	276867	27671	148432	NA	97021	67462	158639	13318	18728	24356	124134	84389
"ME203785"	33842	NA	19299	NA	57086	NA	NA	NA	46531	55068	64294	54798	15395	32322	36897	51113	99299	6099	34840	54298	32962	NA	53236	66717	55985	44814	57485	45640	48220	30025	55094	29834	68309
"ME203786"	20327	16771	NA	3675	14097	NA	6560	NA	6774	10995	25446	21501	16012	13807	19505	7266	34086	3740	20671	NA	17640	16689	15542	14592	28017	26074	21494	26643	6900	6771	20972	13008	16693
"ME203787"	NA	NA	96194	NA	NA	NA	NA	NA	NA	NA	NA	NA	NA	NA	NA	10139	18869	NA	NA	NA	NA	9090	NA	NA	NA	NA	NA	NA	NA	NA	NA	21866	NA
"ME203789"	65030	144646	145263	72256	50976	545233	65825	190929	10781	4355	NA	13568	NA	6657	9811	21588	22504	NA	7622	43066	NA	7439	NA	45902	23788	4076	8889	20898	1255	4271	13869	11390	6457
"ME203790"	NA	4358	2997	1189	5396	2709	NA	6421	NA	NA	NA	NA	NA	NA	NA	NA	NA	NA	NA	NA	NA	NA	NA	3237	NA	NA	NA	NA	1224	NA	NA	NA	NA
"ME203788"	NA	NA	NA	NA	NA	13707	NA	NA	NA	NA	NA	NA	NA	NA	NA	NA	NA	NA	NA	NA	NA	NA	NA	NA	NA	NA	NA	NA	NA	NA	NA	NA	NA
"ME203791"	234617	NA	NA	NA	227780	NA	NA	NA	NA	208352	161175	NA	334848	170871	NA	NA	191159	19104	213094	NA	NA	NA	NA	NA	408952	NA	132432	338104	295305	351599	NA	NA	NA
"ME203792"	27478	NA	NA	NA	NA	NA	NA	NA	NA	18547	NA	NA	NA	NA	NA	NA	NA	NA	NA	NA	NA	NA	NA	NA	35798	NA	NA	19684	NA	NA	NA	NA	NA
"ME203793"	2269	NA	NA	NA	5141	NA	NA	NA	NA	NA	NA	NA	NA	NA	NA	NA	NA	NA	NA	NA	NA	NA	NA	NA	NA	NA	NA	NA	NA	NA	NA	NA	NA
"ME203794"	29843	28012	21187	17523	8780	27948	26935	30717	26040	40280	32629	29919	34295	35519	27936	49245	23769	NA	30129	26935	43712	33242	25928	41425	30432	36755	33778	25610	28379	28272	41581	38953	32315
"ME203795"	2316	NA	NA	NA	NA	10871	NA	NA	NA	NA	NA	NA	NA	NA	1653	NA	NA	NA	NA	NA	3772	NA	NA	6568	NA	NA	NA	NA	NA	NA	2635	2465	NA
"ME203796"	20754	17062	18896	45970	18242	45409	27312	24041	NA	NA	NA	NA	NA	NA	NA	NA	NA	NA	NA	14240	16909	17195	7170	13277	31904	NA	NA	14523	16897	22490	NA	24863	19449
"ME203797"	11741	7993	NA	3427	9074	7372	NA	NA	3070	25695	5549	15038	19093	19744	19061	17902	17202	3367	22774	10173	NA	7300	NA	20873	18589	21572	13175	22743	6984	18136	19947	NA	12608
"ME203798"	NA	NA	NA	NA	NA	NA	NA	NA	NA	NA	NA	NA	NA	NA	NA	NA	2096	NA	NA	NA	NA	1063	NA	NA	NA	NA	NA	NA	NA	NA	NA	NA	NA
"ME203803"	NA	NA	NA	NA	NA	NA	4200	5183	21402	NA	NA	21458	9166	7693	20612	NA	NA	NA	17675	NA	3811	13105	30267	22079	NA	3599	NA	19136	NA	NA	NA	NA	NA
"ME203804"	12543	72332	103610	82652	37434	NA	55800	90329	NA	2851	8091	NA	NA	NA	1366	NA	NA	NA	2339	NA	1128	1896	NA	NA	NA	NA	NA	NA	NA	NA	NA	NA	NA
"ME203805"	4257	8116	7116	6779	7583	14495	6365	6710	NA	NA	3648	1902	NA	NA	NA	NA	NA	NA	NA	1202	NA	NA	NA	NA	NA	NA	2236	NA	NA	NA	NA	NA	NA
"ME203806"	NA	NA	3173	5965	NA	NA	1623	NA	NA	NA	NA	NA	NA	NA	NA	NA	NA	NA	NA	NA	NA	NA	NA	NA	NA	NA	NA	NA	NA	NA	NA	NA	NA
"ME203807"	NA	NA	NA	NA	NA	NA	NA	NA	NA	NA	NA	NA	NA	NA	NA	NA	NA	NA	NA	NA	NA	NA	NA	NA	NA	NA	4277	NA	NA	NA	NA	NA	NA
"ME203808"	NA	NA	NA	NA	NA	NA	NA	NA	NA	NA	NA	3086	NA	NA	NA	NA	NA	NA	NA	NA	NA	NA	NA	NA	NA	NA	NA	NA	NA	NA	NA	NA	NA
"ME203809"	48964	71310	52339	51720	31786	65096	48954	82144	63140	52501	27882	22482	56250	64194	52440	95169	22363	NA	57855	41341	57925	61431	39262	56169	52137	35657	45787	32882	34413	48592	63936	31307	NA
"ME203810"	1082999	1082454	1097918	1203726	1117022	957737	1015404	982883	1063691	1080233	1079753	1087679	1084282	1125864	1089651	1093145	1041902	1178502	1114655	1018877	1057118	1045321	1088655	1095849	1017456	1062133	1088203	1090091	1077270	1055984	1073110	1020599	1041638
"ME203811"	28965	69390	36088	34898	30590	40313	73441	66506	12187	8913	6905	7068	4105	NA	9166	NA	18597	NA	5399	17934	4326	6572	2453	23274	18761	13688	11112	23109	NA	NA	8188	NA	NA
"ME203812"	NA	3682	1796	NA	NA	NA	NA	3045	NA	NA	NA	2944	NA	NA	NA	NA	NA	NA	NA	NA	2580	NA	NA	NA	NA	NA	NA	1244	NA	NA	1115	NA	NA
"ME203813"	NA	NA	NA	NA	23858	10846	NA	NA	5804	10088	6609	NA	13420	5801	12568	NA	NA	1554	NA	10708	14543	6475	NA	NA	NA	8089	NA	NA	5143	4221	9833	NA	NA
"ME203814"	NA	NA	NA	NA	NA	NA	NA	NA	3819	NA	NA	6250	NA	NA	6302	NA	NA	NA	NA	NA	NA	NA	NA	NA	NA	NA	NA	NA	NA	NA	NA	NA	NA
"ME203815"	22932	11750	12310	21085	42979	NA	19987	NA	39192	18886	59068	37396	18769	8524	25375	14189	35101	10957	21202	21857	17811	17781	28202	15847	19398	32333	14237	71815	44541	45736	9678	25723	63284
"ME203799"	9729	10410	7850	13562	29286	NA	3048	NA	96390	NA	58852	48544	30087	5979	NA	6266	70976	NA	NA	NA	27740	80862	NA	35704	NA	NA	NA	30265	NA	NA	NA	42217	NA
"ME203800"	125832	180745	145179	107749	48454	135205	74616	161603	25553	25950	94087	27313	19146	35304	79816	13128	5314	1155	45610	30291	40053	58261	28503	137055	167444	52308	74047	45707	20759	27712	30696	41870	59677
"ME203801"	7853	NA	NA	NA	21561	NA	NA	NA	NA	NA	NA	NA	NA	NA	NA	NA	NA	NA	NA	1908	NA	3319	NA	1064	NA	NA	NA	3096	NA	NA	NA	NA	NA
"ME203802"	23084	32736	28279	57482	61994	NA	22647	103311	9666	3131	23357	NA	NA	13933	58523	NA	82736	NA	31687	11037	15575	6348	19910	28451	NA	31079	21672	12626	11041	11510	13192	2039	20732
"ME203816"	NA	NA	NA	NA	NA	6642	NA	NA	NA	NA	NA	10594	10693	NA	NA	NA	NA	NA	20203	NA	NA	18008	19841	NA	NA	NA	NA	NA	NA	NA	NA	NA	NA
"ME203817"	NA	NA	NA	NA	NA	NA	NA	NA	NA	NA	NA	NA	NA	NA	NA	NA	NA	NA	NA	NA	NA	NA	NA	NA	NA	NA	NA	NA	NA	2453	NA	NA	NA
"ME203818"	19012	NA	25150	22033	NA	25952	NA	32823	6099	19658	NA	NA	NA	32245	NA	5445	NA	NA	10218	5247	32383	12762	NA	NA	5315	NA	31971	NA	NA	NA	23060	14115	NA
"ME203819"	NA	NA	NA	NA	NA	NA	NA	NA	NA	NA	NA	NA	NA	NA	NA	NA	NA	NA	NA	NA	NA	NA	NA	NA	NA	NA	NA	NA	NA	NA	NA	NA	3324
"ME203820"	NA	NA	NA	NA	1051	NA	NA	NA	NA	1635	1002	NA	NA	NA	NA	NA	NA	NA	NA	NA	NA	NA	NA	NA	NA	NA	NA	NA	1168	1367	NA	NA	NA
"ME203821"	NA	5162	NA	NA	NA	NA	NA	NA	9673	6715	3998	NA	11043	10194	NA	5635	NA	11802	NA	NA	5767	4702	7556	NA	NA	NA	NA	NA	NA	5272	NA	NA	NA
"ME203822"	5606	44274	19927	27447	17735	37911	32466	22777	6026	5975	16254	7316	3090	4436	2350	2565	4428	NA	3562	6453	5346	NA	7310	NA	7052	8176	7891	4519	4119	NA	7950	55335	5077
"ME203823"	NA	10931	25568	27371	47963	NA	13107	8272	10181	10612	38760	8747	NA	2889	NA	4949	8427	NA	NA	12218	NA	NA	NA	NA	NA	31583	22214	7497	19327	21311	NA	NA	6476
"ME203824"	131320	86000	81648	94202	121404	33636	114828	51285	55104	27583	98817	35303	28183	25255	61438	96932	93502	34916	43612	31811	45159	59145	88623	75306	21278	68675	10822	28419	48875	46173	30925	95016	14210
"ME203825"	24413	14156	22430	28013	15954	NA	32997	NA	NA	NA	NA	NA	NA	NA	NA	23052	21296	NA	NA	NA	NA	NA	NA	NA	2114	NA	NA	NA	NA	NA	NA	16216	NA
"ME203826"	NA	NA	NA	NA	NA	NA	NA	NA	NA	NA	NA	NA	NA	NA	NA	NA	11551	NA	NA	NA	NA	NA	NA	NA	23637	NA	NA	NA	NA	NA	NA	NA	NA
"ME203827"	2865459	2552142	2660237	2963165	2631428	2256220	2820249	2148043	3070096	3148985	3002490	3187716	1640799	884240	3168069	3142896	2882750	3924291	3405864	3050803	3290947	3284680	3515976	3271213	3253993	3065193	3305770	3167317	3203745	3146275	3419059	2598892	2976471
"ME203828"	1175920	958103	1081299	1107368	1045330	1046101	1152678	862869	1337306	1339657	1311514	1409325	873670	608402	1381828	1359821	1192099	1625162	1495728	1233597	1487525	1436290	1539088	1336472	1204614	1331862	1354587	1354671	1299178	1264978	1413074	1150252	1171186
"ME203829"	NA	18442	10343	14286	NA	23988	NA	7345	NA	NA	NA	NA	NA	NA	7277	NA	3979	NA	NA	NA	NA	10474	NA	NA	NA	9704	NA	10166	NA	NA	NA	7144	NA
"ME203830"	5268	NA	NA	NA	NA	NA	NA	NA	16278	14219	23003	50665	NA	NA	NA	NA	NA	NA	11768	NA	NA	NA	NA	18172	8935	NA	NA	9736	3600	NA	NA	3679	NA
"ME203831"	NA	NA	NA	NA	1892	NA	3789	NA	NA	NA	6214	NA	NA	NA	NA	NA	4837	NA	NA	NA	NA	3697	NA	NA	NA	NA	NA	NA	NA	NA	NA	6519	NA
"ME203832"	5247	6487	14834	15796	8096	5189	16567	NA	NA	NA	NA	NA	NA	NA	NA	NA	NA	NA	NA	NA	NA	NA	NA	5502	NA	7432	NA	NA	NA	NA	NA	NA	NA
"ME203833"	7307	4746	4933	7073	4423	NA	2550	2055	2450	7271	10794	4741	6349	7276	5517	8866	2936	NA	8546	9982	3504	5036	3090	4737	3780	2634	NA	6798	10145	6586	2958	1356	8015
"ME203834"	NA	NA	NA	NA	NA	NA	NA	NA	6617	8968	11234	9613	6889	NA	8556	NA	16193	NA	9283	NA	4004	12528	12196	10965	7655	12354	22197	10540	NA	35264	5048	NA	12009
"ME203835"	NA	NA	NA	NA	NA	NA	NA	NA	NA	NA	NA	NA	3827	NA	NA	NA	3753	NA	NA	NA	NA	NA	NA	1504	NA	4621	NA	NA	NA	NA	NA	NA	NA
"ME203836"	NA	NA	NA	NA	NA	NA	NA	2146	NA	NA	NA	NA	NA	NA	NA	NA	5186	NA	NA	NA	NA	NA	NA	7283	NA	NA	NA	NA	NA	NA	NA	NA	NA
"ME203837"	1716	NA	2424	NA	NA	NA	NA	NA	NA	NA	NA	NA	NA	NA	NA	NA	2592	NA	NA	NA	NA	NA	NA	7792	NA	NA	NA	NA	NA	NA	NA	NA	NA
"ME203838"	NA	NA	6313	2180	4199	NA	NA	NA	NA	NA	NA	NA	NA	NA	NA	NA	NA	NA	NA	NA	NA	NA	NA	NA	NA	NA	NA	NA	NA	NA	NA	NA	NA
"ME203839"	NA	NA	NA	NA	NA	NA	NA	NA	NA	NA	NA	NA	NA	NA	NA	NA	NA	3314	NA	NA	27684	100306	NA	NA	NA	NA	NA	NA	NA	NA	NA	NA	NA
"ME203840"	NA	2484	NA	NA	NA	2551	NA	NA	NA	NA	NA	NA	NA	NA	NA	NA	NA	NA	NA	NA	NA	NA	NA	NA	NA	NA	NA	NA	NA	NA	NA	NA	NA
"ME203841"	NA	NA	NA	NA	NA	NA	NA	4175	NA	NA	NA	NA	NA	NA	NA	NA	NA	NA	NA	NA	NA	NA	NA	NA	10840	18492	8811	NA	NA	NA	10741	NA	NA
"ME203842"	30103	NA	12029	20250	30540	11580	26300	26428	22882	2617	28662	28053	24312	16717	24445	31422	23587	13387	20878	6032	23402	20532	35822	26042	NA	32164	NA	27630	NA	NA	NA	32132	NA
"ME203843"	NA	NA	NA	NA	NA	NA	NA	NA	NA	NA	NA	NA	NA	NA	1750	NA	NA	NA	NA	NA	NA	NA	NA	NA	NA	NA	NA	NA	NA	NA	NA	NA	NA
"ME203844"	114358	101682	NA	NA	53329	76400	67566	94082	35710	102318	55700	50222	58600	80901	74893	68818	35698	8927	60356	47926	86710	43947	35223	105923	55188	83570	40156	63360	50177	46939	79165	107544	37391
"ME203845"	2097803	2179111	909506	938289	1264725	702838	538240	221929	1126161	2218021	1740833	1417527	1624515	1446105	1513051	1386250	1444818	108860	1719861	786072	1710819	352368	887786	2024508	1658052	2007213	1086252	1827945	1307399	1145166	1898649	2021005	1168224
"ME203846"	42186	111602	51470	57479	123427	NA	35475	NA	343626	51144	191273	161484	76537	NA	NA	49423	286072	37213	255113	26795	82614	150022	238383	82620	166098	89113	123616	203001	121096	134468	168270	146629	31192
"ME203847"	373228	428280	369511	239155	725938	236285	357311	276808	859518	191248	863989	287576	527054	118969	110783	275585	1464753	10274	604056	383677	243665	1424097	370707	232888	279099	271905	202268	194714	157422	167851	149834	800402	241285
"ME203848"	NA	NA	NA	NA	NA	NA	NA	NA	NA	18523	3572	NA	NA	23639	NA	NA	NA	43490	NA	NA	5301	NA	NA	NA	NA	NA	NA	NA	9810	NA	8215	NA	NA
"ME203849"	NA	NA	NA	NA	40558	NA	25110	NA	45762	47257	32539	55353	NA	45975	25784	NA	33236	56535	44135	NA	10861	NA	19359	14259	17940	NA	28070	31749	35035	20954	42740	19542	17737
"ME203850"	NA	NA	NA	NA	NA	2281	NA	NA	NA	NA	1835	NA	NA	NA	NA	NA	3756	NA	NA	NA	NA	NA	NA	NA	NA	26746	9973	NA	NA	3832	9782	NA	NA
"ME203851"	31544	72321	33050	37928	51199	51554	54354	118505	NA	24219	14381	11275	16068	NA	NA	2631	NA	NA	15903	5774	15833	5647	4197	34030	NA	31566	11304	16795	NA	NA	22733	43208	2631
"ME203852"	45791	65007	45242	59468	64923	64755	35942	19816	NA	NA	4288	1950	5175	NA	NA	NA	12516	NA	NA	5515	NA	4879	2447	7602	15667	5217	NA	8934	NA	NA	NA	38217	33185
"ME203853"	111875	143850	90112	134454	158002	169369	84963	15161	NA	NA	NA	NA	17465	NA	NA	NA	9515	31120	NA	NA	NA	3821	NA	6284	39984	4334	NA	6864	NA	NA	NA	99666	107082
"ME203854"	NA	3363	NA	NA	NA	2641	2269	NA	NA	NA	4482	NA	2908	NA	NA	NA	NA	3391	NA	7526	2025	2062	NA	NA	8706	NA	3523	5223	7507	4422	4113	4307	13505
"ME203855"	NA	NA	NA	NA	NA	NA	NA	NA	11822	NA	3624	8507	NA	NA	NA	NA	NA	10623	NA	NA	4752	NA	14478	NA	28385	4330	10163	NA	14844	12065	7423	NA	15573
"ME203856"	5115	NA	NA	NA	NA	NA	NA	NA	3684	NA	6755	NA	NA	NA	NA	1714	4641	NA	NA	NA	NA	33263	NA	NA	NA	6268	NA	NA	NA	NA	NA	NA	NA
"ME203857"	NA	NA	NA	NA	2275	NA	NA	NA	NA	NA	NA	NA	NA	NA	NA	NA	NA	NA	NA	NA	NA	NA	NA	NA	NA	NA	NA	NA	NA	NA	NA	NA	NA
"ME203858"	NA	NA	NA	NA	NA	NA	NA	NA	NA	NA	NA	NA	NA	NA	NA	NA	NA	NA	NA	NA	NA	NA	NA	NA	NA	NA	NA	2963	NA	NA	NA	NA	NA
"ME203859"	NA	14308	10788	9948	8375	NA	NA	9769	NA	9867	9693	8898	7808	3977	NA	7429	NA	NA	NA	NA	NA	NA	NA	NA	NA	9980	4582	4861	11472	4585	NA	NA	NA
"ME203860"	NA	NA	NA	NA	NA	NA	NA	5569	NA	NA	NA	NA	NA	NA	NA	NA	NA	NA	NA	NA	NA	NA	NA	NA	NA	NA	NA	NA	NA	NA	NA	NA	NA
"ME203861"	610539	NA	NA	NA	NA	NA	NA	NA	NA	NA	NA	NA	NA	NA	NA	NA	NA	NA	NA	NA	NA	NA	NA	NA	NA	327066	NA	NA	NA	NA	NA	NA	642215
"ME203862"	NA	2673	NA	NA	NA	NA	NA	NA	NA	NA	NA	NA	NA	NA	NA	NA	NA	NA	NA	NA	NA	NA	NA	NA	NA	NA	NA	NA	NA	NA	NA	NA	NA
"ME203863"	NA	45345	38268	34983	16134	NA	27712	NA	NA	25564	44036	26822	NA	NA	52215	NA	13784	12702	NA	69325	45913	68824	53815	8914	81594	103772	26656	21530	67781	62795	68916	103439	104431
"ME203864"	NA	NA	14449	NA	NA	NA	NA	NA	NA	NA	NA	NA	NA	NA	NA	NA	NA	24290	NA	NA	NA	NA	12195	NA	NA	NA	NA	NA	NA	NA	32316	NA	NA
"ME203866"	530321	130607	1411236	49438	76961	266355	262605	247961	145927	NA	245802	31598	41874	74724	151024	NA	48006	NA	48097	NA	40856	313616	960719	113020	NA	114820	NA	443904	NA	NA	NA	360987	NA
"ME203865"	547203	306665	369942	316969	227208	274824	252257	353908	266447	201530	217600	304872	149457	89855	287800	140410	403386	38198	247540	289095	95877	165964	160622	139743	319116	173823	232747	397936	351254	473189	142861	374496	291393
"ME203867"	NA	NA	NA	NA	NA	NA	NA	NA	NA	NA	NA	NA	NA	NA	NA	NA	NA	NA	NA	NA	NA	NA	15838	NA	NA	NA	7877	NA	NA	NA	25389	NA	NA
"ME203868"	NA	NA	NA	NA	1613	NA	NA	1636	NA	NA	NA	5786	NA	3277	NA	2036	NA	NA	4067	4111	NA	NA	NA	NA	NA	NA	3446	NA	2945	NA	NA	NA	NA
"ME203869"	127951	186414	98289	NA	NA	45267	26450	105861	147397	456745	179063	166383	118417	208260	76430	104203	101343	NA	183024	33202	127302	175772	143026	115072	89593	139273	150706	111746	44294	30038	176409	81749	174016
"ME203870"	NA	NA	NA	NA	NA	NA	NA	NA	2090	NA	NA	NA	NA	10084	29792	NA	NA	NA	NA	NA	NA	NA	NA	NA	NA	NA	NA	NA	NA	NA	NA	NA	NA
"ME203871"	7346876	6355307	6133599	624944	6007159	7146241	6275626	7703169	6963903	453509	6556035	7262402	7775432	7813256	7900915	6713297	5795620	2292197	7706850	415753	6978543	6884373	450325	6754079	475304	6651434	5995631	6323552	6677800	6727099	6530749	6085485	3016418
"ME203872"	NA	NA	NA	NA	NA	NA	NA	NA	5573	NA	NA	5959	NA	NA	NA	NA	NA	3468	NA	NA	NA	NA	NA	NA	NA	NA	NA	NA	NA	NA	NA	NA	NA
"ME203873"	NA	NA	NA	NA	58143	NA	NA	NA	NA	NA	NA	NA	19866	NA	NA	NA	NA	NA	NA	NA	NA	NA	NA	NA	NA	NA	NA	20833	NA	NA	NA	NA	NA
"ME203874"	NA	NA	1569	NA	NA	NA	1961	2039	NA	NA	NA	NA	NA	NA	NA	NA	3078	NA	NA	NA	NA	NA	NA	3188	NA	NA	NA	NA	NA	NA	NA	NA	NA
"ME203875"	3973006	1717309	1220208	1507839	5529026	724310	3261980	1582698	4600434	1291564	4022704	4801177	5326142	2065135	1525663	490554	9214096	858312	2820487	5663813	985049	2351181	3122969	2378980	NA	4561597	3303495	1637264	4607748	5284951	1201168	NA	4309541
"ME203876"	308853	397449	318477	1042892	1783283	NA	383009	351453	1361703	192126	340116	404112	608131	262807	937026	116798	725348	358800	1634905	362219	591174	160305	1010903	950093	1652779	442897	1440157	522910	1290137	1419317	673742	1724042	236834
"ME203877"	NA	NA	NA	NA	NA	NA	NA	1284	NA	NA	NA	NA	NA	NA	NA	NA	1304	NA	NA	13231	NA	2644	NA	NA	1170	NA	5841	NA	23358	23767	12653	NA	7256
"ME203878"	1314	NA	NA	NA	NA	NA	NA	NA	NA	NA	NA	NA	NA	NA	NA	NA	NA	17362	NA	NA	NA	NA	NA	NA	NA	NA	NA	NA	NA	NA	NA	NA	NA
"ME203879"	530321	131809	1411236	33285	91248	266355	263435	247710	145927	NA	245802	35477	44095	74724	151024	NA	50401	NA	48097	NA	41527	313616	961622	113020	NA	114820	NA	446521	NA	NA	NA	360987	NA
"ME203882"	NA	NA	NA	NA	NA	NA	NA	NA	NA	NA	NA	NA	NA	NA	NA	NA	NA	NA	NA	NA	NA	NA	13610	NA	NA	NA	NA	NA	NA	NA	NA	NA	3295
"ME203883"	NA	NA	NA	NA	NA	NA	NA	NA	NA	NA	NA	NA	NA	NA	NA	NA	NA	NA	NA	NA	NA	NA	2814	NA	NA	NA	NA	NA	NA	NA	NA	NA	NA
"ME203880"	8282847	5782536	6004495	6623576	4050546	5460395	2949743	5168701	4200149	2129106	2095458	2614985	1257149	371755	1944400	2690848	7153856	341443	2765998	1863240	1037964	3055446	1021466	1455470	2393818	2413183	2524760	3288334	4060834	2728336	950392	3816613	2193895
"ME203881"	52197	461353	142683	381345	NA	399082	229974	94129	435884	NA	32317	77416	228430	99862	101494	NA	NA	167090	93336	144252	144994	227964	137952	213278	NA	196161	199876	198522	NA	443317	NA	NA	144290
"ME203884"	103848	255797	296602	414066	344132	362372	254926	578329	338016	310017	323252	486884	158398	116381	138994	138095	195062	15644	300145	199492	178915	161337	249840	232102	509390	NA	121759	337454	116828	136392	NA	262914	557354
"ME203885"	46100000	57400000	5.9e+07	63500000	57600000	51600000	64600000	59200000	36500000	4.8e+07	48800000	40500000	36100000	10700000	3.9e+07	11800000	44700000	1662256	40700000	50700000	42600000	41600000	35200000	48700000	48900000	48900000	45400000	46600000	34800000	39200000	40700000	52900000	44500000
"ME203886"	370984	505517	495899	535960	573597	420746	565748	NA	265916	396080	409049	301407	295568	NA	342664	207474	297291	26917	297056	469611	462834	325747	345089	NA	340541	429192	366655	374502	230935	261293	398991	457135	301943
"ME203887"	42035	88938	90998	288129	98366	848295	168359	267633	40797	97639	71071	92459	162898	35371	30652	35509	39608	NA	137273	83513	46586	59078	86867	47003	258139	139342	51755	86129	21738	30548	238155	100016	134171
"ME203888"	NA	NA	NA	NA	NA	NA	NA	NA	NA	NA	NA	NA	NA	NA	NA	NA	NA	NA	NA	NA	NA	NA	NA	NA	NA	NA	NA	NA	NA	NA	NA	1942	NA
"ME203889"	NA	NA	NA	NA	32177	29035	NA	NA	NA	NA	NA	NA	NA	NA	NA	NA	24986	NA	NA	NA	NA	NA	NA	NA	NA	NA	NA	NA	NA	NA	NA	NA	NA
"ME203890"	1720788	2177975	1767192	1720506	1714144	2307439	2409279	1628483	1572201	543778	1170588	1037021	931311	247409	491314	2783651	775989	26408	1844317	1307465	1078588	2748780	517723	1492023	1832146	1388219	580962	1648831	806063	986762	1621064	653947	998511
"ME203891"	32553	NA	NA	NA	NA	46011	NA	31211	23875	NA	24265	21082	15139	NA	2986	43706	16398	NA	30339	NA	18165	41484	5976	25211	32786	26961	NA	28200	3085	NA	27307	NA	20059
"ME203901"	NA	NA	NA	NA	NA	NA	NA	NA	NA	NA	7437	7409	5974	6425	NA	8254	6614	NA	6399	NA	4703	NA	9814	12620	NA	4472	7784	8076	NA	NA	NA	NA	7768
"ME203892"	NA	NA	NA	NA	NA	NA	NA	NA	NA	NA	NA	NA	NA	NA	NA	NA	NA	2649	NA	NA	NA	NA	NA	NA	NA	NA	NA	NA	NA	NA	NA	NA	NA
"ME203902"	NA	NA	NA	NA	NA	NA	NA	NA	NA	NA	NA	NA	NA	NA	NA	NA	NA	NA	NA	NA	NA	1281	NA	NA	NA	NA	NA	NA	NA	NA	NA	NA	NA
"ME203893"	NA	5998	9363	8324	16405	5834	23784	11254	18952	25819	17734	15271	17013	20548	13741	NA	10964	10433	19259	9379	11677	18389	6088	10610	17946	18533	13824	27999	14174	10076	14860	11812	6804
"ME203894"	15535	9014	12376	7922	13728	7238	18144	11592	12098	19939	14977	11411	20956	13197	13968	11849	11460	3834	15579	12066	13914	13696	8516	13172	14831	17006	13089	19560	NA	10376	13872	13790	NA
"ME203903"	58236	175573	131287	137192	344891	99862	125578	73600	69513	146036	59903	16634	66431	73552	35886	3386	28627	NA	125669	109760	63891	42272	71419	54606	48372	67601	33244	22497	38240	47943	19721	41803	17963
"ME203904"	NA	NA	23695	55300	19963	NA	NA	43437	NA	NA	NA	9429	NA	NA	NA	NA	34012	NA	NA	NA	NA	NA	NA	60620	62536	19530	NA	15574	NA	NA	NA	40851	NA
"ME203905"	23981	43615	22807	50736	68697	12006	30154	50377	49757	39116	30045	11080	20083	9627	46217	36150	189114	5032	36739	17508	14930	26649	59032	114844	1111642	34033	200738	26708	209599	273283	14471	58493	55711
"ME203906"	24311	71439	47610	93781	131114	19476	33691	86739	39669	35840	24099	7611	22762	12817	38169	31347	178621	6457	33352	19112	11513	19651	47792	105495	954157	33557	168942	26202	198891	196511	NA	76707	27582
"ME203895"	4608	NA	NA	5486	5522	5806	NA	NA	NA	NA	7761	NA	15894	11473	NA	3072	6034	9027	NA	NA	4046	13607	6983	NA	9049	8087	NA	NA	NA	NA	3680	NA	9166
"ME203896"	NA	3426	6835	NA	7829	NA	4668	NA	NA	9003	4274	7676	NA	7728	6045	9328	NA	NA	7641	NA	6220	NA	NA	7148	NA	8993	8044	6140	NA	5705	NA	NA	7452
"ME203897"	NA	NA	NA	NA	NA	NA	NA	NA	3022	1170	NA	NA	NA	3237	NA	NA	9602	NA	NA	NA	2530	4085	NA	NA	NA	1668	NA	NA	NA	NA	2116	3520	NA
"ME203898"	NA	NA	NA	NA	2173	NA	NA	NA	NA	NA	NA	NA	NA	NA	NA	NA	NA	NA	NA	NA	NA	NA	NA	NA	NA	NA	NA	NA	NA	NA	NA	NA	NA
"ME203907"	NA	2548	NA	NA	NA	NA	3310	NA	NA	NA	NA	NA	NA	NA	NA	3013	NA	NA	NA	1583	NA	NA	NA	NA	NA	NA	NA	NA	NA	NA	NA	NA	NA
"ME203899"	NA	305069	593980	1498650	NA	NA	NA	747425	NA	NA	NA	NA	659627	844225	663353	NA	NA	NA	511302	484003	457475	NA	319697	1367497	1078781	NA	795745	NA	437102	NA	708122	1645995	598219
"ME203900"	6843316	5986754	6517411	6137642	5763216	6327398	6818160	5188326	6650383	6565639	6124816	6876745	3748580	3587150	6551752	7334557	5992144	8339904	6720707	5921365	6284189	6568928	6893212	6446923	6240009	5827977	6340108	6389173	6614448	6513065	7167262	5868656	5622630
"ME203908"	82017	54026	81122	72486	99205	67651	86236	105682	85487	66825	58549	70106	86310	47186	65826	32228	78356	9828	84849	118663	41769	84057	42466	80744	97792	78693	45623	86845	67235	77326	72105	91989	98569
"ME203909"	18719	13130	18455	17918	22410	16580	20879	23241	20387	14057	14628	16829	19306	9534	15608	7942	19098	1658	19749	25689	11144	19391	9057	17884	22116	17764	10490	20980	16316	18934	15928	23004	20470
"ME203912"	NA	NA	NA	NA	NA	NA	NA	NA	NA	NA	NA	NA	NA	NA	NA	2842	NA	NA	NA	NA	NA	NA	NA	NA	NA	NA	NA	NA	NA	NA	NA	NA	NA
"ME203913"	8621	35339	31514	29094	34160	NA	NA	10015	16558	19865	24401	21403	NA	NA	NA	NA	NA	NA	NA	8971	NA	3217	NA	18579	25215	47859	NA	NA	NA	NA	23424	NA	32151
"ME203914"	6578835	1434935	3239891	2148158	9317650	NA	4853112	690147	3062048	2976813	3688164	2965544	3401582	NA	1522624	644295	4996310	639421	895596	1376449	1027497	1892832	234301	3137306	1407970	6302705	2934314	4222598	926349	1060622	NA	1231900	3601108
"ME203915"	28441	25174	8801	6995	22860	18913	19095	NA	23144	50727	14042	24675	30521	39461	6672	NA	14262	6606	13880	24053	NA	14670	12046	NA	46150	14100	40814	12322	11460	24269	57273	NA	36705
"ME203916"	1911	1059	NA	2916	NA	NA	NA	1105	NA	3404	3577	1958	1536	NA	NA	2053	NA	NA	NA	NA	NA	1430	NA	NA	NA	NA	NA	NA	1420	NA	2421	NA	NA
"ME203917"	4734082	3671073	4489256	4549354	1805258	NA	4315125	4538867	2870117	3388653	4699308	3160680	3436429	1926751	3111307	2905429	4506806	181951	4117145	4167328	2601318	4426669	2707288	3736624	4264118	3979691	3732266	3044072	2715218	3101217	4006963	3453640	3660296
"ME203918"	23181	30222	448606	27758	191041	NA	43969	17649	11535	14850	32671	52737	21402	21604	23869	476529	41098	10730	17579	81398	8277	21767	5996	NA	13361	25261	23254	60119	32737	25689	NA	NA	14971
"ME203919"	NA	NA	NA	NA	13235	NA	NA	NA	5417	NA	NA	NA	NA	NA	NA	NA	NA	NA	NA	19973	NA	NA	2906	NA	50019	NA	11464	NA	3999	10333	12515	7486	33646
"ME203920"	6811	NA	7098	NA	6391	8289	NA	4294	5237	5744	7554	5648	NA	9868	6311	8569	9464	6855	14099	NA	7508	15217	6452	8045	NA	4793	NA	8110	NA	NA	NA	13518	17420
"ME203921"	NA	NA	NA	NA	NA	8370	NA	NA	NA	NA	NA	NA	NA	NA	NA	NA	NA	NA	NA	NA	NA	NA	NA	7409	22946	NA	NA	NA	NA	NA	48683	NA	NA
"ME203922"	NA	NA	NA	NA	NA	NA	NA	NA	61783	NA	NA	NA	NA	18402	NA	25273	16643	NA	NA	17415	NA	NA	NA	NA	NA	NA	NA	5683	NA	NA	NA	NA	46019
"ME203910"	NA	NA	NA	NA	NA	NA	NA	NA	NA	31000	NA	NA	NA	10084	29792	NA	NA	NA	NA	NA	NA	20522	NA	31073	NA	NA	NA	NA	NA	NA	NA	NA	NA
"ME203911"	NA	NA	NA	NA	NA	NA	NA	NA	NA	NA	3147	NA	NA	NA	NA	NA	22285	NA	57111	77066	NA	NA	NA	NA	NA	NA	NA	NA	NA	NA	NA	NA	NA
"ME203923"	NA	NA	NA	9595	NA	NA	NA	NA	NA	NA	NA	NA	1710	2019	6868	NA	NA	NA	4451	NA	NA	NA	NA	1026	1745	NA	NA	NA	NA	NA	NA	NA	5702
"ME203924"	NA	7076	8497	NA	NA	6552	NA	NA	20762	24597	NA	NA	10953	25528	NA	5203	NA	NA	22457	19468	30955	6140	6560	NA	NA	NA	2260	NA	NA	NA	10361	37747	NA
"ME203926"	NA	10613	5577	NA	NA	12012	3584	NA	NA	NA	2854	NA	NA	NA	NA	6208	NA	NA	NA	NA	2818	NA	NA	NA	NA	1303	NA	NA	NA	NA	2637	NA	NA
"ME203927"	NA	NA	NA	NA	3222	NA	16222	NA	72920	406821	12945	3684	7157	NA	4722	NA	23491	30905	10045	522512	7441	45635	118422	NA	738136	5808	324678	11110	217461	250722	236835	26093	1485536
"ME203929"	65230	127690	75668	109382	103613	86672	77060	53501	27606	39501	55107	63766	18792	12056	25548	18327	29666	NA	32220	64524	22542	NA	22032	43483	75954	38618	19654	38485	10301	8604	53774	18031	37211
"ME203930"	14168	NA	NA	29478	NA	NA	NA	NA	8269	12067	NA	19446	7789	NA	4064	NA	NA	NA	NA	NA	NA	NA	7884	13527	NA	12242	6010	11573	NA	NA	17337	NA	10087
"ME203931"	NA	89477	59041	71515	NA	88357	NA	NA	30024	40915	NA	75328	26212	NA	NA	22261	NA	NA	NA	NA	24956	NA	25613	NA	NA	41590	NA	41320	NA	NA	58676	18800	NA
"ME203932"	249847	379824	441443	454984	704604	NA	233480	563394	312955	228742	241740	281454	410133	228991	409063	290370	635351	70727	593815	601584	394920	365244	538393	514937	NA	274312	477540	331001	377696	462225	441806	576565	306318
"ME203933"	NA	NA	NA	NA	NA	NA	NA	NA	NA	NA	NA	NA	NA	NA	NA	8791	NA	NA	NA	9886	NA	NA	NA	NA	NA	NA	NA	NA	NA	NA	NA	NA	NA
"ME203928"	NA	NA	NA	NA	NA	NA	NA	NA	NA	NA	NA	NA	NA	NA	NA	NA	NA	NA	5570	NA	NA	NA	NA	NA	NA	NA	NA	NA	NA	NA	NA	NA	NA
"ME203934"	NA	NA	NA	NA	NA	11074	NA	4014	NA	3940	NA	NA	NA	NA	NA	NA	3677	NA	2818	NA	NA	NA	NA	NA	3617	NA	NA	NA	NA	NA	1626	NA	6688
"ME203935"	NA	NA	NA	NA	NA	NA	NA	NA	NA	NA	NA	NA	NA	NA	NA	NA	NA	NA	NA	NA	NA	NA	NA	NA	3465	NA	NA	NA	NA	NA	NA	NA	5445
"ME203936"	NA	9329	NA	15316	7582	14726	13484	11953	NA	NA	NA	9669	8548	3616	9840	NA	9021	NA	8792	NA	NA	6504	7885	8452	13219	13056	NA	NA	NA	NA	14129	NA	14285
"ME203941"	NA	11474	NA	NA	NA	NA	NA	NA	NA	NA	NA	NA	NA	NA	NA	NA	NA	NA	NA	35524	3092	NA	NA	NA	NA	NA	NA	NA	NA	NA	NA	NA	NA
"ME203937"	NA	NA	NA	NA	NA	NA	NA	NA	NA	NA	NA	NA	NA	NA	NA	1510	2230	NA	NA	8491	NA	NA	NA	NA	NA	NA	NA	NA	NA	NA	NA	NA	NA
"ME203938"	22352	43874	21437	44984	28655	69765	46171	36114	8014	7722	39587	48234	15754	9609	24066	NA	10985	NA	22018	59548	13237	19044	11153	26516	64345	33899	12972	19473	7351	4161	36314	9345	24409
"ME203939"	NA	NA	NA	NA	NA	NA	NA	NA	NA	8172	NA	NA	NA	11483	NA	NA	NA	NA	NA	NA	NA	23148	NA	NA	NA	NA	NA	19125	NA	NA	NA	NA	NA
"ME203940"	NA	NA	NA	NA	NA	NA	NA	NA	NA	NA	NA	7706	3637	NA	NA	NA	NA	NA	NA	NA	NA	NA	NA	NA	NA	NA	NA	NA	NA	NA	NA	NA	NA
"ME203942"	7853	17379	15909	NA	20206	NA	NA	NA	NA	NA	NA	NA	NA	NA	NA	NA	NA	NA	1326	2561	NA	3319	1282	1398	NA	NA	NA	2813	NA	NA	NA	NA	NA
"ME203943"	NA	NA	NA	NA	NA	NA	NA	NA	NA	NA	NA	NA	NA	NA	NA	NA	NA	NA	NA	6186	NA	NA	NA	NA	NA	NA	NA	NA	NA	NA	NA	NA	NA
"ME203944"	NA	NA	NA	NA	NA	NA	NA	NA	4228	NA	NA	NA	NA	NA	NA	NA	NA	NA	NA	NA	NA	NA	NA	NA	NA	NA	NA	NA	NA	NA	NA	NA	NA
"ME203945"	NA	NA	NA	NA	7113	3445	NA	6680	NA	NA	NA	NA	NA	NA	NA	NA	NA	NA	2756	NA	1040	NA	NA	1849	NA	NA	NA	NA	NA	NA	NA	2026	NA
"ME203946"	NA	NA	NA	NA	NA	NA	NA	NA	NA	NA	NA	4814	NA	NA	NA	NA	NA	NA	NA	NA	NA	NA	NA	NA	NA	NA	NA	NA	NA	NA	NA	NA	NA
"ME203958"	NA	NA	6288	NA	NA	NA	NA	NA	NA	NA	NA	NA	NA	NA	NA	NA	NA	NA	NA	NA	NA	1265	NA	NA	NA	NA	NA	NA	NA	NA	NA	NA	NA
"ME203959"	NA	NA	2073	NA	NA	NA	NA	NA	NA	NA	NA	NA	NA	NA	NA	NA	NA	NA	NA	NA	NA	NA	NA	NA	NA	NA	NA	NA	NA	NA	NA	NA	NA
"ME203947"	NA	NA	NA	NA	NA	2483	NA	NA	NA	NA	NA	NA	NA	NA	NA	NA	NA	NA	NA	1511	NA	NA	NA	NA	NA	NA	NA	NA	NA	NA	4922	NA	NA
"ME203948"	3660138	4697265	4948617	5422297	3714571	NA	5906235	5792066	4913380	5438640	4800341	4409548	4085506	2778171	4212268	3431728	4760765	525201	3927155	4962171	5032369	4526915	5153185	5121459	NA	4982506	5685518	4991682	4426194	4641215	5206735	5684228	5767829
"ME203960"	NA	5902	NA	NA	NA	NA	NA	NA	NA	NA	NA	NA	NA	NA	NA	NA	5011	NA	NA	NA	NA	NA	NA	NA	NA	NA	NA	NA	NA	NA	NA	NA	NA
"ME203949"	NA	NA	NA	NA	NA	NA	NA	NA	NA	NA	NA	NA	NA	NA	NA	NA	NA	NA	NA	NA	NA	NA	NA	NA	NA	NA	NA	NA	12935	NA	NA	NA	NA
"ME203950"	NA	NA	NA	NA	NA	11955	NA	NA	NA	NA	NA	NA	NA	NA	NA	NA	NA	NA	NA	NA	NA	NA	NA	NA	NA	NA	NA	NA	NA	NA	NA	NA	NA
"ME203961"	178757	133338	245347	76961	56653	NA	182454	90297	245683	113049	217898	131199	162007	69364	68993	67465	357477	48632	156552	228567	179976	235003	417165	100907	NA	99652	NA	157707	163954	NA	168642	12058	468747
"ME203962"	NA	NA	NA	1601	NA	8350	NA	NA	NA	NA	NA	2389	NA	NA	NA	3248	NA	NA	1251	NA	1706	NA	NA	NA	NA	NA	NA	NA	NA	3363	2448	NA	NA
"ME203963"	NA	NA	NA	2927	NA	NA	NA	NA	NA	NA	NA	NA	NA	NA	NA	NA	NA	NA	NA	NA	NA	NA	NA	NA	NA	NA	NA	NA	NA	NA	NA	NA	NA
"ME203964"	NA	NA	NA	4000	3215	NA	NA	NA	NA	NA	NA	NA	NA	NA	NA	NA	NA	NA	NA	NA	NA	NA	NA	NA	NA	NA	NA	NA	NA	NA	NA	NA	NA
"ME203965"	23084	32641	28279	57482	61994	NA	22647	103311	9666	3131	23357	NA	NA	13933	58523	NA	82736	NA	31687	11037	15575	6348	19910	28451	NA	31079	21672	12613	11041	11510	13192	2039	20732
"ME203951"	NA	NA	NA	NA	1761	NA	NA	NA	NA	4292	NA	NA	NA	NA	NA	NA	NA	NA	NA	3606	NA	NA	NA	NA	NA	NA	NA	8943	NA	NA	NA	NA	NA
"ME203952"	80732	98131	101644	123999	121595	NA	96940	37311	NA	NA	60029	NA	NA	NA	NA	NA	13296	NA	NA	27192	NA	NA	NA	NA	37359	167449	NA	NA	NA	NA	NA	NA	NA
"ME203953"	NA	NA	NA	NA	NA	NA	NA	NA	NA	NA	NA	NA	NA	NA	NA	3340	NA	NA	NA	NA	NA	NA	NA	NA	NA	NA	NA	NA	NA	NA	NA	NA	NA
"ME203954"	NA	NA	NA	NA	NA	NA	NA	1219	NA	1284	NA	1414	NA	NA	NA	NA	NA	NA	NA	NA	NA	NA	NA	1812	NA	NA	NA	NA	2162	NA	NA	2590	NA
"ME203955"	89820	NA	NA	NA	NA	NA	NA	NA	NA	NA	1259	NA	NA	NA	NA	NA	NA	NA	NA	NA	NA	NA	11704	NA	NA	NA	NA	NA	NA	NA	NA	NA	NA
"ME203956"	9009	5936	10162	6095	5410	NA	8123	3553	NA	NA	NA	NA	NA	NA	NA	8719	NA	NA	NA	NA	4667	NA	NA	NA	NA	NA	NA	NA	NA	NA	NA	NA	NA
"ME203957"	4968	NA	NA	NA	NA	NA	1780	1906	NA	NA	NA	NA	NA	NA	NA	NA	NA	NA	NA	NA	NA	NA	NA	NA	NA	NA	2677	NA	NA	NA	NA	NA	NA
"ME203966"	NA	NA	NA	NA	26237	NA	NA	NA	NA	NA	NA	NA	NA	NA	NA	NA	NA	NA	NA	NA	NA	NA	NA	NA	NA	NA	NA	NA	NA	NA	NA	NA	NA
"ME203967"	NA	NA	3241	3302	NA	5464	NA	NA	4863	NA	3661	3940	3234	2732	3209	1657	3976	NA	4396	17994	3322	4809	NA	2910	6367	3887	4728	2267	3538	4648	6182	8438	11864
"ME203925"	NA	NA	74968	3862	9472	NA	NA	137086	6365	2638	1340	26347	3498	NA	NA	NA	2010	NA	1446	NA	NA	4582	1429	NA	NA	44644	NA	NA	NA	NA	3240	NA	NA
"ME203971"	1237	NA	NA	NA	NA	NA	NA	NA	NA	NA	NA	NA	NA	NA	NA	NA	NA	NA	NA	NA	NA	NA	NA	NA	NA	NA	NA	NA	NA	NA	NA	NA	NA
"ME203972"	22318	34543	169324	55506	29397	28872	57966	90634	150266	212832	48028	115972	56477	NA	107005	130367	18031	53226	85329	70624	24251	137841	54936	287703	8550	52188	49436	19124	26788	33114	35849	23245	9074
"ME203973"	NA	NA	59478	23720	NA	NA	28697	62628	79983	47713	NA	90509	NA	NA	76232	108703	NA	NA	NA	12173	NA	61260	NA	230650	NA	NA	NA	NA	NA	NA	NA	NA	NA
"ME203974"	22501	21271	10724	28912	14626	12727	22142	NA	24855	NA	26155	25268	23004	12373	14828	18582	21931	NA	32423	NA	21387	35343	NA	23193	NA	23164	8701	NA	5447	29881	9261	17322	2349
"ME203975"	30508	NA	14377	33816	9747	15206	27185	33846	28802	NA	31272	45043	23440	42557	29948	51459	34919	90237	42044	22371	32479	45127	39040	53265	NA	54125	27042	70102	35809	23520	NA	26937	18099
"ME203976"	59618	32032	30641	45432	47140	6332	93935	40833	131202	46798	132929	90988	31313	25468	62121	35572	111014	13899	39435	51358	26458	76850	217086	76766	15944	73641	73152	110679	17467	20979	75905	98564	23278
"ME203977"	38099	24269	21977	31451	31811	4954	61654	25228	96523	36274	83545	61874	23862	22592	41055	27777	67911	8085	30934	37804	26510	55477	126353	52113	7509	52766	53759	75685	20419	22063	53937	53164	14599
"ME203978"	104427	3908	NA	NA	NA	5078	22324	NA	181523	NA	NA	NA	9753	14147	8284	9990	211553	NA	2870	NA	14094	NA	NA	NA	NA	8354	NA	NA	NA	NA	NA	403488	NA
"ME203979"	NA	NA	NA	NA	NA	NA	NA	20362	31681	11975	NA	NA	NA	NA	NA	NA	NA	NA	15280	NA	NA	NA	NA	NA	NA	NA	NA	NA	NA	NA	NA	NA	NA
"ME203980"	6188	86274	7595	NA	10013	NA	NA	17619	56224	17225	49991	NA	NA	NA	NA	NA	NA	NA	26473	9193	NA	NA	NA	NA	4995	NA	11925	NA	NA	NA	10065	NA	10963
"ME203981"	NA	2154	NA	NA	NA	NA	NA	NA	NA	NA	NA	NA	NA	NA	NA	NA	NA	NA	NA	NA	NA	NA	NA	NA	NA	NA	NA	NA	NA	NA	NA	NA	NA
"ME203968"	NA	NA	NA	NA	NA	NA	NA	NA	4900	NA	6684	4220	NA	7732	NA	NA	NA	NA	NA	NA	NA	NA	NA	1486	NA	3891	NA	3512	NA	NA	NA	NA	NA
"ME203969"	3578	NA	6797	NA	7779	NA	3291	NA	NA	NA	NA	NA	NA	NA	NA	NA	NA	NA	NA	NA	NA	NA	NA	NA	NA	NA	NA	NA	NA	NA	NA	NA	NA
"ME203982"	NA	NA	NA	NA	NA	NA	NA	NA	161061	57211	62324	89908	NA	18149	NA	NA	NA	7820	NA	54161	26597	57314	90726	67903	101843	NA	31052	NA	53301	64091	30943	98312	325845
"ME203983"	46291	35264	49612	34410	56499	30947	49250	84286	28491	40987	54344	22234	33881	16310	25391	77824	64233	NA	23348	40690	30131	29077	36260	55236	38951	68761	44334	60333	23013	25790	32366	36789	44141
"ME203984"	NA	NA	NA	NA	NA	NA	NA	NA	NA	1475	NA	NA	NA	NA	NA	NA	NA	NA	NA	NA	NA	NA	NA	NA	NA	NA	NA	NA	NA	NA	NA	NA	NA
"ME203970"	NA	NA	NA	NA	NA	NA	1617	NA	NA	NA	NA	NA	NA	NA	NA	NA	NA	NA	NA	NA	NA	NA	NA	NA	NA	NA	NA	NA	NA	NA	NA	NA	NA
"ME203985"	1021204	1431923	753667	1057261	1240743	733532	629902	687968	572110	439542	626128	770125	425235	353755	558062	334326	376170	26704	533020	634230	365914	524489	370493	607709	683099	921856	462156	608107	415621	510819	448735	611395	786901
"ME203986"	697041	901379	551709	929406	853081	936646	514218	1009268	332002	263328	356996	504804	222062	165892	328009	161751	436064	9686	275441	390802	172497	283051	168737	338090	447602	543579	230054	298152	187773	247265	225325	315986	520388
"ME203987"	5124	5770	1799	10918	4520	NA	NA	NA	NA	NA	NA	NA	NA	NA	23711	NA	5011	NA	4411	NA	NA	NA	NA	NA	NA	NA	3931	NA	NA	NA	NA	NA	NA
"ME203988"	1744313	5677	NA	2306	1986271	NA	NA	NA	2852968	2942429	2741276	3524535	2097318	1829349	2614121	NA	3261214	529265	2554079	NA	NA	20051	NA	959900	2627219	2403123	2421212	3106800	2143350	2154892	NA	424869	3022164
"ME203989"	50188	75381	61893	69221	15307	42016	61180	NA	27736	53202	34875	31807	90227	88955	67338	135852	56704	533155	58765	NA	125669	153374	135729	21823	82120	33157	166772	85722	98213	43591	40167	89312	33029
"ME203990"	NA	NA	NA	NA	NA	NA	NA	NA	NA	NA	NA	NA	NA	NA	NA	NA	NA	8919	NA	NA	NA	NA	NA	NA	NA	NA	NA	NA	NA	NA	2354	NA	NA
"ME203991"	NA	NA	NA	NA	NA	4476	NA	NA	NA	NA	NA	NA	NA	NA	NA	NA	NA	NA	NA	NA	NA	NA	NA	NA	NA	NA	NA	NA	NA	NA	NA	NA	NA
"ME203992"	NA	NA	NA	NA	NA	NA	NA	NA	NA	NA	NA	NA	NA	NA	NA	13476	5314	NA	NA	NA	NA	NA	NA	NA	NA	NA	NA	NA	NA	NA	NA	NA	NA
"ME203993"	NA	NA	NA	NA	NA	NA	NA	NA	NA	NA	NA	NA	NA	NA	NA	NA	1713	4793	NA	NA	NA	NA	NA	NA	NA	NA	NA	NA	NA	NA	NA	NA	NA
"ME203994"	NA	NA	NA	NA	371086	NA	NA	NA	NA	NA	NA	NA	NA	NA	NA	NA	NA	NA	NA	NA	NA	NA	NA	NA	NA	NA	NA	NA	NA	NA	NA	NA	NA
"ME203995"	3180	2550	2873	NA	NA	NA	NA	NA	NA	NA	NA	NA	NA	NA	NA	NA	NA	NA	NA	NA	NA	NA	NA	NA	NA	NA	NA	NA	NA	NA	NA	NA	NA
"ME203996"	NA	NA	NA	NA	NA	NA	NA	4537	NA	NA	NA	NA	NA	NA	NA	NA	NA	NA	NA	NA	NA	NA	NA	NA	NA	NA	NA	NA	NA	NA	NA	NA	NA
"ME203997"	NA	NA	NA	NA	NA	NA	NA	NA	NA	NA	NA	NA	NA	10468	NA	4702	NA	5397	NA	NA	NA	NA	NA	NA	NA	NA	NA	NA	NA	NA	6598	NA	NA
"ME203998"	NA	NA	1747	NA	NA	NA	NA	NA	NA	NA	NA	NA	NA	NA	NA	NA	NA	NA	NA	NA	NA	NA	NA	NA	NA	NA	NA	NA	NA	NA	NA	NA	NA
"ME203999"	NA	NA	NA	NA	NA	NA	NA	NA	NA	NA	NA	NA	NA	NA	NA	NA	NA	4064	NA	NA	NA	NA	NA	NA	NA	NA	NA	NA	NA	NA	NA	NA	NA
"ME204000"	334793	128406	165794	58127	356761	NA	60809	168942	464694	532017	395052	587763	445048	333570	427513	173222	459232	191519	334474	NA	55648	195396	NA	152720	596332	416467	410250	577638	174139	169563	NA	71403	539048
"ME204001"	NA	NA	NA	2959	NA	NA	NA	NA	NA	NA	NA	NA	NA	NA	NA	NA	NA	NA	NA	NA	NA	NA	NA	NA	NA	NA	NA	NA	NA	NA	NA	NA	NA
"ME204002"	24537	NA	NA	NA	NA	NA	NA	NA	NA	NA	NA	NA	NA	NA	NA	NA	NA	NA	NA	NA	NA	NA	NA	NA	NA	NA	NA	NA	NA	NA	NA	NA	NA
"ME204003"	93773	155353	212348	198944	239939	215368	261249	416471	487340	570941	348252	932496	497124	546931	218009	256845	163411	19522	685362	264853	459419	166158	774938	472882	789422	832076	303812	171173	NA	88043	793432	141230	402416
"ME204004"	NA	NA	NA	NA	NA	NA	NA	1179	NA	NA	75089	NA	NA	NA	NA	NA	NA	NA	NA	NA	NA	NA	NA	NA	NA	NA	NA	NA	NA	NA	NA	NA	NA
"ME204005"	NA	NA	NA	NA	NA	NA	1779	NA	NA	NA	NA	NA	NA	NA	NA	NA	NA	NA	NA	NA	NA	NA	NA	NA	NA	NA	NA	NA	NA	NA	NA	NA	NA
"ME204006"	6504	4497	6782	9992	25821	7889	22212	22746	14018	NA	5412	5173	16491	5255	9391	20237	16549	NA	18900	NA	7336	8337	108633	NA	NA	26087	NA	NA	NA	NA	NA	92458	NA
"ME204007"	NA	NA	NA	NA	NA	NA	NA	NA	NA	NA	NA	NA	NA	NA	NA	NA	NA	8934	NA	NA	NA	NA	NA	NA	NA	NA	NA	NA	NA	NA	NA	NA	NA
"ME204008"	NA	NA	NA	NA	NA	NA	NA	NA	NA	NA	NA	NA	12606	23297	NA	NA	NA	NA	NA	NA	NA	36678	NA	NA	NA	44530	NA	NA	NA	NA	NA	NA	35748
"ME204009"	NA	NA	NA	NA	NA	NA	NA	NA	NA	NA	1436	NA	NA	NA	NA	NA	NA	NA	NA	NA	NA	NA	NA	NA	NA	NA	NA	NA	NA	NA	NA	NA	NA
"ME204010"	NA	NA	NA	NA	NA	NA	NA	NA	7601	NA	NA	NA	NA	NA	NA	NA	NA	NA	NA	NA	NA	NA	NA	NA	NA	NA	NA	NA	NA	NA	NA	NA	NA
"ME204011"	14914	21095	21593	101932	106644	7973	14835	52156	320280	9350	11988	7810	5013	12426	19077	9348	117671	NA	15678	11447	5842	14230	9133	28003	NA	22457	13330	15170	7981	12945	7135	23579	21197
"ME204012"	NA	NA	NA	NA	NA	11471	NA	NA	NA	NA	NA	NA	NA	NA	NA	NA	NA	NA	NA	NA	NA	NA	NA	NA	NA	NA	NA	NA	NA	NA	NA	NA	NA
"ME204013"	6540	NA	NA	NA	NA	NA	5090	NA	NA	NA	NA	1195	NA	NA	NA	NA	NA	NA	NA	NA	NA	6476	NA	NA	NA	NA	5307	NA	NA	NA	7399	NA	NA
"ME204014"	NA	NA	NA	NA	4039	NA	NA	NA	NA	NA	NA	NA	NA	NA	NA	NA	NA	NA	NA	NA	NA	NA	NA	NA	NA	NA	NA	NA	NA	NA	NA	NA	NA
"ME204015"	81038	70661	NA	NA	NA	79995	NA	107652	NA	52908	NA	NA	80226	103926	NA	128846	NA	NA	NA	NA	45820	NA	NA	45250	NA	65894	91573	NA	NA	NA	102471	NA	NA
"ME204016"	5674	NA	NA	NA	3095	NA	NA	NA	NA	NA	NA	NA	NA	NA	1000	NA	2276	NA	NA	6110	NA	NA	NA	NA	NA	NA	NA	NA	NA	NA	NA	7701	8475
"ME204017"	NA	7454	9208	5358	2075	NA	NA	NA	1308	NA	NA	7414	1203	NA	NA	NA	NA	NA	NA	NA	NA	NA	NA	1814	NA	7121	NA	3363	NA	NA	NA	1066	NA
"ME204018"	NA	NA	NA	NA	5773	NA	NA	NA	NA	NA	6759	22051	29754	NA	NA	NA	19937	NA	4590	NA	NA	NA	NA	2434	25976	NA	NA	NA	NA	NA	NA	NA	NA
"ME204019"	NA	NA	NA	NA	NA	NA	NA	NA	NA	NA	NA	NA	NA	NA	NA	NA	NA	NA	NA	NA	NA	NA	NA	NA	NA	NA	NA	NA	NA	1908	NA	NA	NA
"ME204020"	NA	28699	NA	NA	NA	NA	NA	NA	NA	13604	NA	NA	NA	NA	NA	NA	NA	NA	NA	29300	NA	NA	4643	NA	NA	NA	12242	NA	20068	34188	13243	NA	66659
"ME204021"	NA	2775	NA	NA	NA	NA	NA	NA	NA	NA	NA	NA	NA	NA	NA	NA	NA	NA	NA	NA	NA	NA	NA	NA	NA	NA	NA	NA	NA	NA	NA	NA	NA
"ME204022"	NA	NA	5653	2180	NA	NA	NA	NA	NA	NA	NA	4643	NA	NA	NA	NA	NA	2486	NA	NA	NA	NA	2901	2782	2486	NA	NA	NA	1950	2253	6694	NA	3193
"ME204023"	NA	19384	30839	28740	27236	NA	NA	28279	NA	NA	22511	NA	NA	NA	9708	NA	11419	NA	NA	NA	NA	22488	NA	NA	NA	NA	NA	8565	5587	NA	9709	NA	21293
"ME204024"	394334	102586	972381	NA	NA	192318	202784	185770	113282	NA	193313	37180	NA	NA	113557	NA	NA	NA	NA	NA	NA	220129	662361	75572	NA	92026	NA	324128	NA	NA	NA	251551	NA
"ME204025"	NA	NA	NA	NA	NA	NA	NA	NA	NA	NA	NA	NA	NA	NA	NA	NA	NA	NA	NA	NA	NA	NA	18109	NA	NA	NA	NA	1877	NA	NA	NA	NA	NA
"ME204026"	27863	NA	NA	21250	27722	NA	NA	NA	NA	NA	NA	NA	NA	NA	NA	NA	NA	NA	NA	NA	NA	NA	NA	NA	44262	NA	NA	NA	NA	NA	NA	NA	NA
"ME204027"	4663	NA	NA	NA	32467	14725	3598	16226	13709	6471	NA	NA	NA	15221	NA	11244	31315	3027	6637	20027	7578	NA	NA	11775	NA	NA	NA	1375	NA	7467	NA	9091	11694
"ME204028"	46668	30343	49633	36965	32028	22369	31422	95693	139741	17677	66769	NA	29874	43590	41798	93623	145181	NA	50369	104047	41568	333693	747940	52763	126480	49673	415129	40477	48809	53475	83981	243930	481966
"ME204029"	NA	NA	NA	NA	NA	NA	NA	NA	NA	NA	NA	NA	NA	NA	NA	NA	NA	NA	NA	NA	NA	NA	NA	NA	NA	NA	1333	NA	NA	NA	NA	NA	NA
"ME204030"	18702	12035	14480	7555	5356	5240	7649	11730	14940	3694	17793	5985	3215	NA	2529	10675	19061	NA	8432	33781	9440	126136	170967	18168	9859	8443	47650	11790	3995	5029	5908	28662	55192
"ME204031"	NA	NA	NA	NA	NA	NA	NA	NA	NA	NA	NA	NA	NA	NA	NA	NA	NA	71035	NA	NA	NA	NA	NA	NA	NA	NA	NA	NA	NA	NA	NA	NA	NA
"ME204032"	8262	17809	9108	35921	23362	2037	6172	56516	10362	2277	1983	1678	NA	1095	2095	NA	21915	NA	2672	1598	NA	1095	NA	5225	19790	1856	1590	3046	1348	2733	NA	2553	2300
"ME204033"	NA	59088	37281	NA	NA	46408	17091	26458	14682	NA	34782	11558	8428	2847	25051	9237	NA	14063	6838	NA	4866	7566	26308	5407	NA	NA	NA	NA	NA	NA	NA	16658	13955
"ME204034"	7145	NA	NA	NA	NA	NA	5306	NA	NA	NA	NA	4585	NA	NA	NA	NA	NA	NA	NA	NA	NA	NA	NA	NA	NA	NA	NA	NA	NA	NA	NA	NA	NA
"ME204035"	91377	158636	77520	260117	187022	NA	NA	426720	285738	59626	69708	407721	33114	85597	55567	27413	440427	28398	117942	31083	22334	32792	58327	76854	645114	34906	59038	64145	89531	102260	47929	112450	37005
"ME204036"	27270	11690	13197	17568	18594	15479	12556	13414	13135	11130	10945	9499	10496	11935	7060	6275	5443	6694	5891	2496	5537	4532	4295	4921	NA	4880	3176	6246	4148	1841	4873	4560	3712
"ME204037"	NA	NA	5027	NA	6380	NA	NA	NA	NA	NA	NA	NA	NA	NA	NA	NA	NA	NA	NA	NA	NA	NA	NA	NA	NA	NA	NA	NA	NA	NA	NA	NA	NA
"ME204038"	NA	NA	NA	NA	NA	NA	NA	NA	NA	NA	NA	NA	NA	NA	NA	NA	NA	6648	NA	NA	NA	NA	NA	NA	NA	NA	NA	NA	NA	NA	NA	NA	NA
"ME204039"	NA	22078	NA	NA	NA	NA	NA	NA	NA	NA	NA	NA	NA	NA	NA	NA	NA	NA	NA	NA	NA	NA	NA	NA	NA	NA	NA	NA	NA	NA	NA	NA	NA
"ME204040"	NA	NA	NA	NA	41633	8313	16532	28737	NA	NA	NA	NA	13381	NA	NA	NA	87530	NA	25045	NA	50664	NA	NA	NA	NA	26803	NA	NA	41912	45858	NA	59661	NA
"ME204041"	126841	51132	35593	45826	154066	51200	93063	129364	63340	54830	142399	73514	59455	9404	15351	37824	346681	NA	136461	39534	250776	98950	84486	52296	39935	165427	65037	17764	239997	265256	56695	206991	47153
"ME204042"	NA	NA	8994	NA	8374	NA	NA	NA	NA	6266	NA	NA	NA	NA	NA	NA	NA	NA	NA	41873	NA	11344	4714	NA	NA	NA	8119	NA	NA	NA	NA	20972	NA
"ME204043"	NA	NA	NA	NA	NA	NA	4382	5245	NA	NA	NA	NA	NA	NA	NA	NA	NA	NA	NA	NA	NA	NA	NA	NA	NA	NA	NA	NA	NA	NA	NA	NA	NA
"ME204044"	NA	NA	NA	NA	15278	NA	NA	7267	NA	NA	NA	NA	NA	NA	8702	NA	NA	NA	NA	NA	NA	NA	NA	NA	9599	24136	4985	NA	NA	NA	NA	26577	15647
"ME204045"	NA	NA	NA	NA	NA	NA	29002	NA	NA	NA	NA	7378	NA	NA	NA	27812	7499	NA	NA	NA	NA	32967	NA	NA	NA	NA	NA	NA	NA	NA	NA	NA	NA
"ME204046"	NA	NA	NA	NA	NA	NA	NA	NA	3486	NA	NA	NA	NA	NA	NA	NA	NA	NA	NA	7302	NA	16800	NA	NA	NA	NA	NA	NA	NA	NA	NA	NA	NA
"ME204047"	NA	NA	2530	NA	NA	NA	NA	NA	NA	NA	NA	NA	NA	NA	NA	NA	NA	NA	NA	NA	NA	NA	NA	NA	NA	NA	NA	NA	NA	NA	NA	NA	NA
"ME204048"	NA	NA	NA	NA	NA	NA	NA	NA	NA	NA	NA	NA	NA	NA	NA	NA	NA	NA	NA	NA	NA	NA	6159	NA	NA	NA	NA	NA	NA	NA	NA	NA	NA
"ME204049"	NA	NA	NA	NA	NA	NA	NA	NA	NA	NA	NA	NA	NA	NA	NA	NA	NA	NA	NA	NA	NA	NA	NA	NA	NA	NA	NA	NA	NA	NA	NA	4279	NA
"ME204050"	NA	NA	NA	NA	NA	NA	NA	NA	NA	NA	NA	NA	NA	NA	4143	NA	NA	NA	NA	NA	NA	NA	NA	NA	NA	NA	NA	4603	NA	NA	2816	3067	NA
"ME204051"	NA	NA	NA	NA	NA	NA	NA	NA	NA	NA	NA	9164	NA	NA	NA	NA	NA	NA	NA	NA	NA	NA	NA	NA	NA	2265	NA	NA	NA	NA	NA	NA	NA
"ME204052"	NA	NA	NA	NA	NA	NA	NA	NA	NA	1230	NA	NA	NA	NA	NA	NA	NA	NA	NA	NA	NA	NA	NA	NA	NA	NA	NA	NA	NA	NA	NA	NA	NA
"ME204053"	44630	45670	54479	52835	55458	9614	NA	47369	19316	46997	55752	49372	39035	20800	52530	14602	54322	NA	46085	43492	29810	47898	NA	45387	NA	51172	43408	35712	32064	32548	45280	NA	67031
"ME204054"	NA	NA	NA	NA	NA	NA	NA	NA	NA	NA	100236	26960	NA	NA	NA	NA	NA	NA	NA	NA	NA	NA	16311	NA	113761	NA	NA	16457	NA	NA	NA	59915	NA
"ME204055"	NA	4916	4671	NA	3491	3452	NA	NA	NA	NA	NA	NA	NA	NA	NA	NA	NA	NA	NA	NA	NA	NA	NA	2087	NA	NA	NA	NA	NA	NA	NA	NA	NA
"ME204056"	17535	28038	26941	31317	32724	26800	15219	17569	12845	9546	17648	7327	16401	7070	16063	3489	24005	NA	14772	14722	9618	13630	10008	18622	22168	22422	13161	11720	8737	10761	14534	12326	12897
"ME204057"	NA	109486	149968	NA	104656	NA	146031	NA	370175	NA	NA	214364	393383	213990	95560	NA	331520	255450	NA	NA	413611	374495	141656	174063	77727	203976	NA	385358	72950	NA	NA	310383	82546
"ME204058"	NA	10301	6864	8215	NA	20424	NA	NA	NA	NA	NA	NA	NA	NA	NA	NA	NA	NA	NA	NA	NA	NA	NA	NA	NA	NA	NA	NA	NA	NA	NA	NA	NA
"ME204059"	NA	NA	NA	NA	NA	NA	NA	NA	NA	NA	NA	NA	NA	NA	NA	NA	NA	NA	NA	NA	NA	NA	NA	NA	NA	7632	NA	NA	NA	NA	NA	NA	NA
"ME204062"	NA	7135	NA	5645	NA	1321	2283	4296	NA	NA	NA	NA	NA	NA	NA	NA	NA	NA	NA	NA	NA	NA	NA	2729	1714	NA	NA	NA	NA	NA	NA	NA	NA
"ME204063"	1982	3845	4173	NA	NA	NA	NA	NA	NA	NA	NA	NA	NA	NA	NA	NA	NA	NA	NA	NA	NA	3139	NA	NA	NA	NA	NA	NA	NA	NA	NA	NA	NA
"ME204060"	22100000	32800000	31500000	33100000	34300000	21700000	26200000	23300000	13600000	16200000	2.1e+07	14600000	13200000	10300000	16300000	7837924	2.1e+07	NA	15700000	16100000	17100000	13300000	13400000	17700000	15100000	2.2e+07	16800000	17600000	9216911	11400000	10800000	19200000	13700000
"ME204061"	424838	566836	519443	440389	577745	399963	460778	420212	301235	342556	412501	329640	341815	266403	368047	207782	430442	NA	379799	368208	453470	346838	302486	411246	357205	510694	416499	409154	233812	274026	253001	390746	296742
"ME204064"	9594292	11400000	12300000	9446078	10100000	7347849	12300000	12900000	7158746	9371405	13100000	7780757	5992984	4870878	6258730	4869407	9037172	544295	7220823	6908365	5132933	8190165	4126752	7029457	7305757	11800000	7803889	13900000	4373824	5055114	9404112	6913799	8852365
"ME204065"	278928	454128	465872	127609	371312	312582	342958	415750	99604	131788	302068	107167	90414	76274	98717	71666	128385	7398	167017	142498	101861	189781	59678	235705	142467	154866	164703	241394	52890	113044	173827	182576	53879
"ME204067"	NA	NA	NA	NA	NA	NA	NA	3187	NA	NA	NA	NA	NA	NA	NA	NA	NA	NA	NA	NA	NA	NA	NA	NA	NA	NA	NA	NA	NA	NA	NA	NA	NA
"ME204066"	NA	NA	NA	NA	NA	NA	NA	NA	NA	NA	NA	18219	NA	NA	NA	NA	NA	NA	11567	NA	NA	NA	NA	NA	57047	NA	NA	NA	NA	NA	NA	NA	9820
"ME204068"	46498	140099	49657	71393	22442	83934	63169	76626	NA	NA	50406	358393	108798	81598	NA	NA	NA	NA	134421	NA	133462	26568	NA	98985	NA	189585	NA	NA	NA	NA	66623	NA	NA
"ME204071"	NA	NA	NA	3738	NA	NA	NA	NA	NA	NA	NA	NA	NA	NA	NA	NA	NA	NA	NA	NA	NA	NA	NA	NA	NA	NA	NA	NA	NA	NA	NA	NA	NA
"ME204072"	NA	7284	14145	36524	42413	NA	NA	NA	54906	NA	56927	66820	NA	NA	52714	NA	NA	15984	47274	NA	NA	49013	NA	NA	NA	NA	11845	50683	47893	NA	NA	NA	29587
"ME204073"	NA	NA	NA	3738	NA	NA	NA	NA	NA	NA	NA	NA	NA	NA	NA	NA	NA	NA	NA	NA	NA	NA	NA	NA	NA	1303	NA	NA	NA	NA	NA	NA	NA
"ME204069"	13162	13400	15869	18768	16824	20153	26622	9462	31881	14298	13814	27534	28206	33437	34051	NA	46782	8105	37174	36292	17348	33747	38467	24737	106887	14416	18704	18040	NA	24111	42579	36055	NA
"ME204070"	25639	33615	33258	51625	43385	17468	41450	23728	21752	12615	19860	13318	31708	27317	49184	13353	47882	NA	38959	28339	27062	33974	36539	36899	60882	13953	29245	15854	23091	26351	59116	47619	16833
"ME204074"	NA	NA	NA	192392	NA	NA	29982	NA	NA	NA	NA	NA	NA	NA	47916	55389	NA	21346	NA	115028	NA	32096	NA	NA	NA	NA	NA	NA	NA	NA	NA	NA	155304
"ME204075"	NA	NA	NA	NA	NA	NA	NA	NA	NA	NA	NA	NA	NA	NA	NA	NA	NA	NA	NA	NA	NA	NA	NA	NA	NA	NA	NA	12194	NA	NA	NA	NA	NA
"ME204076"	221371	297683	246963	195243	243723	NA	168429	175238	183461	117444	215343	230407	174592	NA	153863	76953	274674	NA	196922	179735	164901	180031	67065	215111	45837	NA	94303	214411	180420	182702	129589	409332	70027
"ME204077"	947112	1110928	NA	NA	NA	NA	NA	NA	793855	129370	356859	NA	626777	298542	NA	638224	706361	49995	695400	693824	476613	531981	556089	NA	532225	NA	NA	616819	489469	626738	NA	599888	NA
"ME204078"	4513	8417	NA	NA	6139	10143	7226	10106	6246	2273	4928	10703	13301	NA	5525	3178	10935	NA	12248	9685	6524	5601	33477	11502	20285	7635	39554	2398	1580	2753	2738	10046	5267
"ME204079"	NA	5860	NA	NA	NA	7115	NA	NA	NA	NA	NA	NA	NA	NA	NA	NA	NA	NA	NA	NA	NA	NA	5915	NA	NA	NA	11329	NA	1008	NA	NA	NA	NA
"ME204080"	NA	NA	NA	NA	NA	NA	NA	NA	NA	NA	NA	NA	14968	NA	NA	NA	NA	NA	NA	NA	NA	NA	NA	132231	102195	NA	NA	NA	NA	NA	NA	NA	NA
"ME204081"	1082276	1082496	1097790	1204061	1122576	957896	1015349	976612	1064620	1087450	1079886	1087520	1084226	1126822	1089651	1093146	1041902	1178888	1120553	1019085	1057118	1043743	1088333	1095937	1028682	1067604	1088203	1090017	1077270	1054830	1073110	1021550	1041539
